0 0.0859375 0.5534883720930233 0.16562500000000002 0.10232558139534884
0 0.1046875 0.6348837209302326 0.209375 0.12558139534883722
0 0.08125 0.7 0.1625 0.17209302325581394
0 0.1421875 0.8813953488372093 0.240625 0.20930232558139533
0 0.2421875 0.48372093023255813 0.178125 0.12093023255813953
0 0.8890625000000001 0.6 0.209375 0.12093023255813953
0 0.7015625000000001 0.5023255813953489 0.09062500000000001 0.09302325581395349
0 0.40625 0.42093023255813955 0.19375 0.09767441860465116
0 0.8828125 0.7162790697674418 0.22812500000000002 0.16744186046511628
0 0.5546875 0.8953488372093024 0.203125 0.2
0 0.8078125 0.8674418604651163 0.22812500000000002 0.2186046511627907
