3 0.1390625 0.5020833333333333 0.234375 0.32916666666666666
3 0.42812500000000003 0.475 0.1875 0.26666666666666666
3 0.78125 0.5041666666666667 0.19375 0.23333333333333334
3 0.940625 0.4083333333333333 0.1125 0.21666666666666667
3 0.59375 0.3729166666666667 0.13125 0.17083333333333334
3 0.49843750000000003 0.14791666666666667 0.9968750000000001 0.20416666666666666
3 0.1 0.3229166666666667 0.10625000000000001 0.12916666666666665
3 0.2859375 0.31875 0.07187500000000001 0.1875
3 0.234375 0.3625 0.05 0.075
3 0.2 0.28125 0.05 0.0625
3 0.390625 0.3104166666666667 0.1375 0.1625
3 0.46875 0.30833333333333335 0.05625 0.075
3 0.553125 0.23958333333333334 0.0625 0.07916666666666666
3 0.6953125 0.2708333333333333 0.084375 0.14166666666666666
3 0.8296875 0.25416666666666665 0.084375 0.08333333333333333
3 0.875 0.3625 0.10625000000000001 0.14166666666666666
3 0.6359375 0.29375 0.040625 0.05416666666666667
