0 0.179 0.43875000000000003 0.35000000000000003 0.2425
0 0.762 0.55375 0.436 0.3025
0 0.545 0.7025 0.35000000000000003 0.37
0 0.921 0.7475 0.154 0.17500000000000002
0 0.749 0.86375 0.106 0.1225
0 0.9420000000000001 0.94625 0.112 0.10250000000000001
0 0.723 0.34 0.358 0.2
0 0.9450000000000001 0.34500000000000003 0.106 0.23500000000000001
0 0.292 0.28500000000000003 0.3 0.185
0 0.267 0.20750000000000002 0.23 0.105
0 0.657 0.23625000000000002 0.34600000000000003 0.14250000000000002
0 0.96 0.08 0.076 0.135
0 0.521 0.96625 0.222 0.0625
0 0.837 0.7925 0.13 0.15
0 0.858 0.8675 0.224 0.16
