0 0.23593750000000002 0.609375 0.153125 0.09375
0 0.25625000000000003 0.8214285714285714 0.125 0.09821428571428571
0 0.49062500000000003 0.8616071428571428 0.19375 0.11607142857142856
0 0.6843750000000001 0.3058035714285714 0.26875 0.16517857142857142
0 0.49843750000000003 0.5334821428571428 0.321875 0.15625
0 0.7734375 0.6160714285714285 0.059375000000000004 0.04464285714285714
0 0.8515625 0.6294642857142857 0.09062500000000001 0.04464285714285714
0 0.9343750000000001 0.6674107142857143 0.05625 0.03125
0 0.8953125000000001 0.6964285714285714 0.059375000000000004 0.04464285714285714
0 0.9187500000000001 0.5491071428571428 0.05625 0.05357142857142857
0 0.9500000000000001 0.5111607142857143 0.05625 0.05803571428571428
0 0.7765625 0.5558035714285714 0.046875 0.07589285714285714
