4 0.4609375 0.3203463203463203 0.290625 0.2077922077922078
4 0.3125 0.4523809523809524 0.16875 0.16883116883116883
4 0.371875 0.6406926406926406 0.36875 0.24242424242424243
4 0.2609375 0.8722943722943723 0.521875 0.24675324675324675
4 0.76875 0.8874458874458875 0.45625000000000004 0.21645021645021645
4 0.78125 0.6536796536796536 0.375 0.2683982683982684
4 0.765625 0.45670995670995673 0.29375 0.20346320346320346
4 0.1296875 0.29004329004329005 0.259375 0.15584415584415584
4 0.0328125 0.5714285714285714 0.065625 0.1471861471861472
4 0.07968750000000001 0.42857142857142855 0.15937500000000002 0.11255411255411256
4 0.5078125 0.46320346320346323 0.109375 0.09523809523809523
4 0.7468750000000001 0.2857142857142857 0.28125 0.1471861471861472
4 0.9437500000000001 0.3333333333333333 0.06875 0.09523809523809523
