4 0.933 0.5813253012048193 0.13 0.21686746987951808
4 0.866 0.7153614457831325 0.048 0.06927710843373494
4 0.789 0.746987951807229 0.07 0.0963855421686747
4 0.311 0.6882530120481928 0.134 0.1536144578313253
4 0.391 0.7003012048192772 0.062 0.057228915662650606
4 0.424 0.6506024096385542 0.052000000000000005 0.07228915662650603
4 0.493 0.6656626506024097 0.09 0.14457831325301207
4 0.5660000000000001 0.7243975903614458 0.044 0.09337349397590362
4 0.592 0.6310240963855422 0.116 0.12349397590361447
4 0.6910000000000001 0.6807228915662651 0.122 0.14457831325301207
4 0.8240000000000001 0.6159638554216867 0.096 0.12951807228915663
4 0.558 0.5481927710843374 0.504 0.13253012048192772
4 0.534 0.4548192771084338 0.41200000000000003 0.0783132530120482
4 0.506 0.3930722891566265 0.324 0.08734939759036145
4 0.485 0.3237951807228916 0.214 0.07530120481927711
4 0.454 0.27108433734939763 0.092 0.05421686746987952
