0 0.135 0.0955223880597015 0.17400000000000002 0.191044776119403
0 0.117 0.28955223880597014 0.234 0.23880597014925373
0 0.28500000000000003 0.2044776119402985 0.178 0.24776119402985075
0 0.323 0.06119402985074627 0.17400000000000002 0.12238805970149254
0 0.559 0.1044776119402985 0.13 0.13134328358208955
0 0.577 0.21343283582089553 0.15 0.22388059701492538
0 0.681 0.18208955223880596 0.106 0.16716417910447762
0 0.928 0.18955223880597016 0.14 0.20597014925373133
0 0.847 0.40597014925373137 0.162 0.22686567164179106
0 0.704 0.45970149253731346 0.18 0.2208955223880597
0 0.778 0.6343283582089553 0.184 0.2417910447761194
0 0.868 0.7671641791044777 0.168 0.2507462686567164
0 0.966 0.764179104477612 0.064 0.26865671641791045
0 0.453 0.8059701492537313 0.186 0.25671641791044775
0 0.223 0.5970149253731344 0.194 0.2626865671641791
0 0.046 0.6716417910447762 0.092 0.29253731343283584
0 0.125 0.7626865671641792 0.182 0.27761194029850744
0 0.233 0.8313432835820895 0.13 0.21194029850746268
0 0.066 0.9059701492537313 0.132 0.18208955223880596
0 0.259 0.9343283582089552 0.19 0.1253731343283582
0 0.538 0.9134328358208955 0.14 0.16716417910447762
0 0.658 0.9164179104477612 0.18 0.16119402985074627
0 0.762 0.8761194029850746 0.152 0.2417910447761194
