4 0.113 0.8048048048048048 0.226 0.3843843843843844
4 0.233 0.6681681681681682 0.166 0.3153153153153153
4 0.488 0.7192192192192192 0.17200000000000001 0.33933933933933935
4 0.32 0.33483483483483484 0.124 0.24324324324324323
4 0.372 0.4624624624624625 0.128 0.2882882882882883
4 0.46900000000000003 0.3108108108108108 0.126 0.2552552552552553
4 0.546 0.3183183183183183 0.108 0.25225225225225223
4 0.63 0.30930930930930933 0.124 0.21021021021021022
4 0.6950000000000001 0.17267267267267267 0.10200000000000001 0.2072072072072072
4 0.634 0.512012012012012 0.216 0.33933933933933935
4 0.716 0.8738738738738738 0.18 0.24624624624624625
4 0.904 0.6906906906906907 0.136 0.3003003003003003
4 0.9590000000000001 0.5570570570570571 0.078 0.32732732732732733
4 0.927 0.3303303303303303 0.14200000000000002 0.2882882882882883
4 0.912 0.0960960960960961 0.096 0.1921921921921922
