4 0.775 0.41304347826086957 0.23125 0.17391304347826086
4 0.9046875000000001 0.8115942028985508 0.178125 0.15942028985507248
4 0.7406250000000001 0.7463768115942029 0.15625 0.16666666666666666
4 0.0859375 0.8315217391304348 0.15937500000000002 0.17753623188405798
4 0.2390625 0.6286231884057971 0.16562500000000002 0.1847826086956522
4 0.1203125 0.6992753623188406 0.184375 0.2028985507246377
4 0.17343750000000002 0.46920289855072467 0.146875 0.13405797101449277
4 0.059375000000000004 0.5181159420289855 0.11875000000000001 0.3115942028985507
4 0.3484375 0.8768115942028986 0.12812500000000002 0.15217391304347827
4 0.47968750000000004 0.5742753623188406 0.371875 0.4384057971014493
4 0.7625000000000001 0.5996376811594203 0.28750000000000003 0.19927536231884058
4 0.8765625 0.552536231884058 0.178125 0.13405797101449277
4 0.9281250000000001 0.46195652173913043 0.1375 0.17753623188405798
4 0.203125 0.057971014492753624 0.40625 0.11594202898550725
4 0.5171875 0.041666666666666664 0.22187500000000002 0.08333333333333333
4 0.6796875 0.050724637681159424 0.10312500000000001 0.10144927536231885
4 0.8656250000000001 0.12681159420289856 0.2625 0.2536231884057971
4 0.1421875 0.1793478260869565 0.284375 0.12681159420289856
4 0.3875 0.16666666666666666 0.20625000000000002 0.15942028985507248
4 0.6156250000000001 0.15760869565217392 0.25 0.17753623188405798
4 0.1328125 0.3242753623188406 0.265625 0.2572463768115942
4 0.33906250000000004 0.3423913043478261 0.146875 0.29347826086956524
4 0.5234375 0.3315217391304348 0.246875 0.2427536231884058
4 0.7640625000000001 0.3333333333333333 0.30312500000000003 0.2246376811594203
4 0.9078125 0.3079710144927536 0.178125 0.2608695652173913
