4 0.678 0.8513513513513513 0.316 0.2912912912912913
4 0.406 0.8198198198198198 0.252 0.35435435435435436
4 0.14400000000000002 0.7837837837837838 0.272 0.4264264264264264
4 0.463 0.5330330330330331 0.222 0.23723723723723725
4 0.739 0.6081081081081081 0.20600000000000002 0.23123123123123124
4 0.873 0.6516516516516516 0.17 0.27627627627627627
4 0.258 0.5720720720720721 0.148 0.2072072072072072
4 0.188 0.46846846846846846 0.20800000000000002 0.21021021021021022
4 0.244 0.23873873873873874 0.256 0.19519519519519518
4 0.436 0.34984984984984985 0.132 0.17717717717717718
4 0.625 0.34684684684684686 0.23 0.24924924924924924
4 0.8190000000000001 0.46096096096096095 0.23 0.26126126126126126
4 0.9530000000000001 0.4099099099099099 0.09 0.2852852852852853
4 0.08 0.3783783783783784 0.16 0.29429429429429427
4 0.797 0.2042042042042042 0.19 0.23423423423423423
4 0.9 0.0990990990990991 0.196 0.1981981981981982
4 0.962 0.22372372372372373 0.07200000000000001 0.12912912912912913
4 0.105 0.12012012012012012 0.21 0.24024024024024024
4 0.23600000000000002 0.07657657657657657 0.088 0.11711711711711711
4 0.41300000000000003 0.10810810810810811 0.234 0.21621621621621623
4 0.602 0.10810810810810811 0.14400000000000002 0.21621621621621623
4 0.736 0.06006006006006006 0.12 0.12012012012012012
