4 0.10300000000000001 0.23991935483870966 0.20600000000000002 0.4798387096774193
4 0.34700000000000003 0.14717741935483872 0.28600000000000003 0.29435483870967744
4 0.308 0.34677419354838707 0.10400000000000001 0.22580645161290322
4 0.459 0.5262096774193549 0.10200000000000001 0.2540322580645161
4 0.514 0.7116935483870968 0.1 0.2379032258064516
4 0.1 0.782258064516129 0.2 0.3709677419354839
4 0.233 0.4879032258064516 0.13 0.3548387096774194
4 0.12 0.5544354838709677 0.132 0.16532258064516128
4 0.322 0.5665322580645161 0.096 0.1975806451612903
4 0.244 0.7883064516129032 0.108 0.2217741935483871
4 0.38 0.8568548387096774 0.076 0.17338709677419353
4 0.392 0.592741935483871 0.124 0.3951612903225806
4 0.405 0.35282258064516125 0.074 0.1411290322580645
4 0.439 0.23991935483870966 0.066 0.1411290322580645
4 0.631 0.9112903225806451 0.094 0.1693548387096774
4 0.76 0.7399193548387096 0.132 0.3185483870967742
4 0.667 0.7701612903225806 0.098 0.24193548387096775
4 0.912 0.7681451612903225 0.17200000000000001 0.45564516129032256
4 0.621 0.5604838709677419 0.098 0.27419354838709675
4 0.722 0.39314516129032256 0.108 0.2620967741935484
4 0.9440000000000001 0.46169354838709675 0.108 0.1814516129032258
4 0.748 0.5221774193548387 0.136 0.1411290322580645
4 0.858 0.38306451612903225 0.068 0.11290322580645161
4 0.528 0.3346774193548387 0.1 0.13709677419354838
4 0.546 0.0907258064516129 0.108 0.1814516129032258
4 0.5730000000000001 0.25 0.13 0.1532258064516129
4 0.6940000000000001 0.17943548387096775 0.168 0.1975806451612903
4 0.68 0.04233870967741935 0.152 0.0846774193548387
4 0.886 0.17338709677419353 0.224 0.34677419354838707
