4 0.134 0.23270440251572327 0.088 0.08805031446540881
4 0.177 0.3176100628930818 0.058 0.07547169811320756
4 0.033 0.48427672955974843 0.058 0.08176100628930819
4 0.138 0.6682389937106918 0.048 0.07232704402515723
4 0.11900000000000001 0.8018867924528302 0.062 0.08176100628930819
4 0.162 0.7185534591194969 0.052000000000000005 0.09119496855345913
4 0.128 0.8867924528301887 0.076 0.11320754716981132
4 0.29 0.9339622641509434 0.068 0.09433962264150944
4 0.387 0.7641509433962265 0.046 0.09433962264150944
4 0.019 0.9339622641509434 0.038 0.09433962264150944
4 0.518 0.7610062893081762 0.06 0.11320754716981132
4 0.234 0.839622641509434 0.08 0.11320754716981132
4 0.483 0.9088050314465409 0.058 0.09433962264150944
4 0.41600000000000004 0.8836477987421384 0.06 0.09433962264150944
4 0.633 0.9701257861635221 0.062 0.05345911949685535
4 0.599 0.7610062893081762 0.10200000000000001 0.18238993710691825
4 0.724 0.7169811320754718 0.096 0.11320754716981132
4 0.712 0.8537735849056605 0.068 0.09119496855345913
4 0.777 0.8097484276729561 0.042 0.07861635220125787
4 0.833 0.8317610062893083 0.05 0.0849056603773585
4 0.937 0.7908805031446541 0.122 0.16666666666666669
4 0.776 0.9559748427672956 0.076 0.08176100628930819
4 0.847 0.9575471698113208 0.066 0.07861635220125787
4 0.978 0.9544025157232705 0.04 0.0849056603773585
4 0.321 0.6855345911949686 0.046 0.08805031446540881
4 0.40700000000000003 0.6336477987421384 0.054 0.0849056603773585
4 0.456 0.6163522012578617 0.048 0.08176100628930819
4 0.5760000000000001 0.6163522012578617 0.044 0.06918238993710692
4 0.63 0.5644654088050315 0.036000000000000004 0.059748427672955975
4 0.681 0.6446540880503145 0.054 0.07547169811320756
4 0.704 0.5424528301886793 0.04 0.09119496855345913
4 0.757 0.5251572327044025 0.058 0.08805031446540881
4 0.8150000000000001 0.5754716981132075 0.054 0.08805031446540881
4 0.896 0.5660377358490566 0.068 0.11320754716981132
4 0.965 0.589622641509434 0.062 0.09119496855345913
4 0.193 0.5471698113207547 0.046 0.06918238993710692
4 0.051000000000000004 0.41352201257861637 0.038 0.0660377358490566
4 0.169 0.42452830188679247 0.15 0.11949685534591195
4 0.28 0.45125786163522014 0.08 0.1918238993710692
4 0.319 0.36006289308176104 0.034 0.05345911949685535
4 0.371 0.3805031446540881 0.09 0.11320754716981132
4 0.39 0.5235849056603774 0.048 0.0849056603773585
4 0.426 0.5062893081761006 0.044 0.07547169811320756
4 0.47200000000000003 0.40723270440251574 0.044 0.0849056603773585
4 0.518 0.5094339622641509 0.044 0.08176100628930819
4 0.517 0.3647798742138365 0.038 0.06918238993710692
4 0.552 0.39308176100628933 0.036000000000000004 0.06918238993710692
4 0.591 0.35534591194968557 0.046 0.11320754716981132
4 0.578 0.4858490566037736 0.048 0.07861635220125787
4 0.634 0.45125786163522014 0.04 0.0660377358490566
4 0.674 0.34433962264150947 0.032 0.0660377358490566
4 0.74 0.3584905660377359 0.04 0.07547169811320756
4 0.778 0.41509433962264153 0.036000000000000004 0.06289308176100629
4 0.85 0.36006289308176104 0.068 0.07861635220125787
4 0.845 0.4418238993710692 0.058 0.09119496855345913
4 0.906 0.4371069182389937 0.048 0.1320754716981132
4 0.969 0.44339622641509435 0.058 0.1320754716981132
4 0.032 0.5959119496855346 0.052000000000000005 0.11006289308176101
4 0.021 0.8301886792452831 0.042 0.10062893081761007
4 0.064 0.2610062893081761 0.06 0.07547169811320756
4 0.24 0.20911949685534592 0.10400000000000001 0.14779874213836477
4 0.321 0.29559748427672955 0.058 0.08805031446540881
4 0.397 0.25 0.23 0.20440251572327045
4 0.545 0.20754716981132076 0.038 0.07547169811320756
4 0.549 0.28459119496855345 0.038 0.07861635220125787
4 0.651 0.22641509433962265 0.17 0.18867924528301888
4 0.777 0.2358490566037736 0.098 0.22012578616352202
4 0.916 0.24213836477987422 0.164 0.2389937106918239
4 0.093 0.09905660377358491 0.186 0.19811320754716982
4 0.298 0.08962264150943397 0.228 0.17924528301886794
4 0.487 0.0849056603773585 0.158 0.169811320754717
4 0.668 0.09119496855345913 0.196 0.18238993710691825
4 0.884 0.08805031446540881 0.228 0.17610062893081763
