4 0.2921875 0.8235294117647058 0.10312500000000001 0.1323529411764706
4 0.29375 0.6286764705882353 0.1125 0.125
4 0.465625 0.6893382352941176 0.1125 0.1213235294117647
4 0.478125 0.8584558823529411 0.10625000000000001 0.13602941176470587
4 0.5609375 0.8382352941176471 0.10312500000000001 0.11764705882352941
4 0.7093750000000001 0.7352941176470588 0.1125 0.125
4 0.7421875 0.9283088235294118 0.10312500000000001 0.12867647058823528
4 0.8406250000000001 0.8823529411764706 0.1375 0.1838235294117647
4 0.9640625 0.8694852941176471 0.065625 0.12867647058823528
4 0.484375 0.9669117647058824 0.25 0.058823529411764705
4 0.1921875 0.8216911764705882 0.096875 0.12867647058823528
4 0.13125 0.8566176470588235 0.10625000000000001 0.13970588235294118
4 0.06406250000000001 0.8768382352941176 0.09062500000000001 0.1213235294117647
4 0.035937500000000004 0.7444852941176471 0.07187500000000001 0.11397058823529412
4 0.0921875 0.6875 0.096875 0.125
4 0.1609375 0.6102941176470588 0.096875 0.1764705882352941
4 0.0765625 0.15073529411764705 0.153125 0.3014705882352941
4 0.2890625 0.051470588235294115 0.30312500000000003 0.10294117647058823
4 0.20625000000000002 0.17279411764705882 0.09375 0.08823529411764705
4 0.2765625 0.19117647058823528 0.084375 0.08088235294117647
4 0.290625 0.2702205882352941 0.09375 0.07720588235294118
4 0.19062500000000002 0.2610294117647059 0.08125 0.09558823529411764
4 0.06875 0.3602941176470588 0.06875 0.09558823529411764
4 0.1328125 0.46875 0.078125 0.10661764705882353
4 0.0328125 0.4007352941176471 0.065625 0.09558823529411764
4 0.0203125 0.4889705882352941 0.040625 0.09558823529411764
4 0.17500000000000002 0.35110294117647056 0.08125 0.10661764705882353
4 0.2625 0.35661764705882354 0.1125 0.125
4 0.3375 0.4834558823529412 0.13125 0.15073529411764705
4 0.23125 0.5275735294117647 0.08125 0.09926470588235294
4 0.4703125 0.49816176470588236 0.09062500000000001 0.11397058823529412
4 0.5453125 0.5091911764705882 0.115625 0.11397058823529412
4 0.5046875000000001 0.6231617647058824 0.16562500000000002 0.1213235294117647
4 0.6671875 0.5900735294117647 0.115625 0.1213235294117647
4 0.7890625 0.6084558823529411 0.109375 0.11397058823529412
4 0.8968750000000001 0.5919117647058824 0.14375000000000002 0.1838235294117647
4 0.7468750000000001 0.5055147058823529 0.24375000000000002 0.14338235294117646
4 0.38593750000000004 0.3492647058823529 0.084375 0.14705882352941177
4 0.33437500000000003 0.15625 0.0625 0.08455882352941177
4 0.42500000000000004 0.2113970588235294 0.15000000000000002 0.13602941176470587
4 0.53125 0.0900735294117647 0.20625000000000002 0.1801470588235294
4 0.6265625 0.19301470588235295 0.09062500000000001 0.14338235294117646
4 0.5765625 0.2702205882352941 0.084375 0.09191176470588235
4 0.5671875000000001 0.3713235294117647 0.259375 0.14705882352941177
4 0.7171875000000001 0.20036764705882354 0.096875 0.16544117647058823
4 0.8109375000000001 0.11397058823529412 0.371875 0.22794117647058823
4 0.9703125 0.2702205882352941 0.053125000000000006 0.09191176470588235
4 0.7468750000000001 0.35110294117647056 0.08125 0.10661764705882353
4 0.8765625 0.3161764705882353 0.240625 0.22794117647058823
4 0.9640625 0.47610294117647056 0.065625 0.10661764705882353
