2 0.33437500000000003 0.5871369294605809 0.2625 0.34439834024896265
2 0.6000000000000001 0.508298755186722 0.28750000000000003 0.34439834024896265
2 0.784375 0.27593360995850624 0.325 0.45228215767634855
2 0.4421875 0.23236514522821577 0.309375 0.37344398340248963
2 0.18281250000000002 0.2821576763485477 0.36562500000000003 0.39834024896265563
2 0.32656250000000003 0.14730290456431536 0.284375 0.2946058091286307
2 0.6171875 0.13900414937759337 0.27187500000000003 0.27800829875518673
2 0.11406250000000001 0.5850622406639004 0.22812500000000002 0.26556016597510373
2 0.70625 0.8236514522821576 0.275 0.34439834024896265
2 0.8859375 0.6846473029045643 0.22187500000000002 0.3236514522821577
2 0.45 0.8609958506224067 0.25625000000000003 0.2697095435684647
2 0.0625 0.8340248962655602 0.125 0.3236514522821577
2 0.19062500000000002 0.8589211618257261 0.28125 0.27385892116182575
