2 0.325 0.3458333333333333 0.08750000000000001 0.125
2 0.39375000000000004 0.43333333333333335 0.06875 0.10833333333333334
2 0.4625 0.4125 0.0625 0.1
2 0.534375 0.42083333333333334 0.07500000000000001 0.09166666666666666
2 0.3984375 0.3020833333333333 0.084375 0.10416666666666667
2 0.484375 0.31875 0.05 0.0875
2 0.23593750000000002 0.36041666666666666 0.07187500000000001 0.0875
2 0.55 0.55 0.0625 0.08333333333333333
2 0.037500000000000006 0.43333333333333335 0.043750000000000004 0.08333333333333333
2 0.0203125 0.35625 0.040625 0.0875
2 0.12812500000000002 0.04375 0.05 0.07083333333333333
2 0.178125 0.10625 0.043750000000000004 0.07083333333333333
2 0.2109375 0.18541666666666667 0.046875 0.07083333333333333
2 0.1765625 0.052083333333333336 0.040625 0.05416666666666667
2 0.24531250000000002 0.1125 0.053125000000000006 0.1
2 0.26875 0.21041666666666667 0.037500000000000006 0.0625
2 0.37812500000000004 0.06041666666666667 0.10625000000000001 0.12083333333333333
2 0.4546875 0.10416666666666667 0.059375000000000004 0.06666666666666667
2 0.48281250000000003 0.16041666666666665 0.053125000000000006 0.0625
2 0.5390625 0.2375 0.053125000000000006 0.058333333333333334
2 0.525 0.07291666666666667 0.09375 0.1125
2 0.6015625 0.04791666666666666 0.109375 0.09583333333333333
2 0.6859375000000001 0.08958333333333333 0.059375000000000004 0.15416666666666667
2 0.5875 0.15833333333333333 0.05 0.075
2 0.640625 0.13958333333333334 0.043750000000000004 0.07916666666666666
2 0.6671875 0.225 0.053125000000000006 0.06666666666666667
2 0.7265625 0.18958333333333333 0.046875 0.07916666666666666
