0 0.0890625 0.875 0.109375 0.10833333333333334
0 0.2984375 0.7166666666666667 0.10312500000000001 0.1
0 0.290625 0.8166666666666667 0.125 0.15833333333333333
0 0.384375 0.8333333333333334 0.08750000000000001 0.09166666666666666
0 0.47500000000000003 0.7854166666666667 0.10625000000000001 0.1125
0 0.55625 0.8604166666666666 0.125 0.14583333333333334
0 0.6703125000000001 0.90625 0.078125 0.10416666666666667
0 0.8031250000000001 0.9166666666666666 0.09375 0.11666666666666667
0 0.78125 0.80625 0.11875000000000001 0.12083333333333333
0 0.90625 0.75 0.18125000000000002 0.09166666666666666
0 0.83125 0.6520833333333333 0.09375 0.0625
0 0.68125 0.6583333333333333 0.10625000000000001 0.08333333333333333
0 0.4609375 0.7208333333333333 0.07187500000000001 0.06666666666666667
0 0.5390625 0.68125 0.09062500000000001 0.0875
0 0.5796875 0.74375 0.084375 0.07916666666666666
0 0.6000000000000001 0.6958333333333333 0.08125 0.06666666666666667
0 0.578125 0.58125 0.07500000000000001 0.07083333333333333
0 0.7046875 0.6 0.09062500000000001 0.06666666666666667
0 0.765625 0.5875 0.06875 0.1
0 0.65 0.5125 0.125 0.13333333333333333
0 0.043750000000000004 0.7520833333333333 0.08750000000000001 0.1125
0 0.0765625 0.7020833333333333 0.096875 0.0875
0 0.078125 0.6041666666666666 0.08125 0.09166666666666666
0 0.029687500000000002 0.5520833333333334 0.059375000000000004 0.07083333333333333
0 0.1859375 0.6041666666666666 0.10312500000000001 0.10833333333333334
0 0.15625 0.5291666666666667 0.09375 0.1
0 0.3203125 0.58125 0.096875 0.0875
0 0.4078125 0.61875 0.09062500000000001 0.10416666666666667
0 0.478125 0.5458333333333333 0.09375 0.08333333333333333
0 0.4 0.5541666666666667 0.07500000000000001 0.06666666666666667
0 0.8203125 0.5333333333333333 0.084375 0.1
0 0.9046875000000001 0.5333333333333333 0.09062500000000001 0.09166666666666666
0 0.8500000000000001 0.4666666666666667 0.07500000000000001 0.08333333333333333
0 0.9125000000000001 0.45208333333333334 0.09375 0.07083333333333333
0 0.9703125 0.37916666666666665 0.053125000000000006 0.075
0 0.8078125 0.38958333333333334 0.084375 0.07916666666666666
0 0.5609375 0.4041666666666667 0.096875 0.08333333333333333
0 0.025 0.4583333333333333 0.05 0.08333333333333333
0 0.0890625 0.45208333333333334 0.084375 0.0875
0 0.17343750000000002 0.4375 0.078125 0.08333333333333333
0 0.2421875 0.43124999999999997 0.10312500000000001 0.0875
0 0.2859375 0.5104166666666666 0.084375 0.07916666666666666
0 0.31562500000000004 0.4583333333333333 0.07500000000000001 0.075
0 0.3765625 0.45416666666666666 0.078125 0.08333333333333333
0 0.45156250000000003 0.475 0.07187500000000001 0.09166666666666666
0 0.5296875 0.45625 0.07187500000000001 0.07916666666666666
0 0.45625000000000004 0.37083333333333335 0.08750000000000001 0.09166666666666666
0 0.6328125 0.4375 0.09062500000000001 0.06666666666666667
0 0.659375 0.3541666666666667 0.14375000000000002 0.125
0 0.8984375 0.28125 0.078125 0.09583333333333333
0 0.0421875 0.29583333333333334 0.084375 0.058333333333333334
0 0.05 0.36875 0.1 0.0875
0 0.10625000000000001 0.24375 0.13125 0.0875
0 0.1609375 0.35 0.146875 0.11666666666666667
0 0.0328125 0.13958333333333334 0.059375000000000004 0.07083333333333333
0 0.278125 0.36041666666666666 0.0625 0.07083333333333333
0 0.275 0.25 0.19375 0.09166666666666666
0 0.36562500000000003 0.3541666666666667 0.1 0.1
0 0.2734375 0.16666666666666666 0.096875 0.075
0 0.2921875 0.11458333333333333 0.053125000000000006 0.04583333333333333
0 0.36875 0.12708333333333333 0.08125 0.1625
0 0.44843750000000004 0.26666666666666666 0.140625 0.11666666666666667
0 0.540625 0.13333333333333333 0.24375000000000002 0.19166666666666665
0 0.55625 0.29791666666666666 0.1 0.1375
0 0.68125 0.27291666666666664 0.14375000000000002 0.0875
0 0.7375 0.13958333333333334 0.13125 0.1625
0 0.8046875 0.28125 0.078125 0.12916666666666665
0 0.90625 0.18333333333333332 0.18125000000000002 0.1
0 0.9640625 0.29791666666666666 0.065625 0.12916666666666665
