4 0.12187500000000001 0.3723776223776224 0.14375000000000002 0.14335664335664336
4 0.275 0.21853146853146854 0.14375000000000002 0.15034965034965034
4 0.32343750000000004 0.11888111888111888 0.115625 0.1258741258741259
4 0.45625000000000004 0.18706293706293706 0.16875 0.19230769230769232
4 0.521875 0.2534965034965035 0.08750000000000001 0.10839160839160839
4 0.5953125 0.1888111888111888 0.146875 0.15384615384615385
4 0.7625000000000001 0.13111888111888112 0.09375 0.10839160839160839
4 0.7921875 0.3356643356643357 0.12187500000000001 0.13986013986013987
4 0.8609375 0.4178321678321678 0.140625 0.16433566433566432
4 0.7234375000000001 0.541958041958042 0.096875 0.0979020979020979
