4 0.1765625 0.21747967479674798 0.353125 0.43495934959349597
4 0.40468750000000003 0.40650406504065045 0.22187500000000002 0.2764227642276423
4 0.4703125 0.17276422764227645 0.19687500000000002 0.15040650406504066
4 0.8671875 0.15650406504065043 0.259375 0.2804878048780488
4 0.7453125 0.3902439024390244 0.309375 0.39837398373983746
4 0.8671875 0.6991869918699187 0.234375 0.3008130081300813
4 0.6703125000000001 0.6951219512195123 0.109375 0.2520325203252033
4 0.5828125000000001 0.8434959349593497 0.203125 0.2804878048780488
4 0.2890625 0.7804878048780488 0.19062500000000002 0.23577235772357727
4 0.4296875 0.684959349593496 0.215625 0.30487804878048785
4 0.24375000000000002 0.5711382113821138 0.29375 0.2642276422764228
