1 0.09583333333333333 0.37610619469026546 0.06666666666666667 0.08849557522123894
1 0.175 0.3008849557522124 0.08333333333333333 0.07964601769911504
1 0.1625 0.38716814159292035 0.06666666666666667 0.09292035398230089
1 0.225 0.3805309734513274 0.06666666666666667 0.07964601769911504
1 0.33125 0.7300884955752213 0.07916666666666666 0.07964601769911504
1 0.4875 0.7146017699115044 0.06666666666666667 0.0663716814159292
1 0.5333333333333333 0.7654867256637168 0.058333333333333334 0.07079646017699115
1 0.64375 0.7765486725663717 0.0625 0.0752212389380531
1 0.69375 0.7654867256637168 0.0375 0.05309734513274336
1 0.7541666666666667 0.9225663716814159 0.06666666666666667 0.0752212389380531
1 0.5375 0.08628318584070796 0.06666666666666667 0.0752212389380531
1 0.66875 0.334070796460177 0.07083333333333333 0.0752212389380531
1 0.6729166666666666 0.5376106194690266 0.04583333333333333 0.05752212389380531
