4 0.34687500000000004 0.6333333333333333 0.11875000000000001 0.15833333333333333
4 0.4890625 0.5916666666666667 0.115625 0.15
4 0.61875 0.6458333333333334 0.125 0.15
4 0.7953125000000001 0.60625 0.115625 0.1375
4 0.8671875 0.56875 0.096875 0.12916666666666665
4 0.9671875000000001 0.6520833333333333 0.059375000000000004 0.1375
4 0.17343750000000002 0.6625 0.140625 0.14166666666666666
4 0.053125000000000006 0.7291666666666666 0.10625000000000001 0.16666666666666666
4 0.9375 0.5083333333333333 0.11875000000000001 0.14166666666666666
4 0.971875 0.38958333333333334 0.05 0.1375
4 0.8265625000000001 0.425 0.22812500000000002 0.23333333333333334
4 0.609375 0.46458333333333335 0.28125 0.3125
4 0.3640625 0.4791666666666667 0.22187500000000002 0.2583333333333333
4 0.0765625 0.44166666666666665 0.084375 0.13333333333333333
4 0.021875000000000002 0.4791666666666667 0.043750000000000004 0.13333333333333333
4 0.07968750000000001 0.5875 0.140625 0.15833333333333333
4 0.1921875 0.50625 0.171875 0.22916666666666666
4 0.278125 0.22291666666666665 0.06875 0.09583333333333333
4 0.1203125 0.2625 0.240625 0.175
4 0.42031250000000003 0.30833333333333335 0.065625 0.08333333333333333
4 0.875 0.23333333333333334 0.24375000000000002 0.21666666666666667
4 0.3640625 0.24166666666666667 0.10312500000000001 0.125
4 0.584375 0.23958333333333334 0.3375 0.19583333333333333
4 0.1765625 0.1 0.353125 0.2
4 0.5265625 0.1 0.353125 0.2
4 0.8500000000000001 0.07708333333333334 0.29375 0.15416666666666667
