4 0.8296875 0.2875 0.33437500000000003 0.14166666666666666
4 0.790625 0.38125 0.05 0.07083333333333333
4 0.9078125 0.41041666666666665 0.040625 0.05416666666666667
4 0.8453125 0.7458333333333333 0.171875 0.25
4 0.5578125 0.2708333333333333 0.209375 0.125
4 0.3875 0.25625 0.1375 0.10416666666666667
4 0.17500000000000002 0.42916666666666664 0.35000000000000003 0.44166666666666665
4 0.20468750000000002 0.6229166666666667 0.253125 0.37916666666666665
4 0.41875 0.5020833333333333 0.21875 0.25416666666666665
4 0.43593750000000003 0.7625 0.309375 0.4666666666666667
4 0.6875 0.6604166666666667 0.225 0.3625
4 0.6218750000000001 0.9354166666666667 0.08125 0.12083333333333333
