2 0.28600000000000003 0.5120481927710844 0.14 0.22891566265060243
2 0.294 0.3358433734939759 0.10400000000000001 0.13554216867469882
2 0.405 0.5512048192771085 0.114 0.13855421686746988
2 0.635 0.6174698795180723 0.19 0.20481927710843376
2 0.642 0.7801204819277109 0.12 0.16867469879518074
2 0.441 0.27108433734939763 0.218 0.24096385542168675
2 0.627 0.3132530120481928 0.162 0.27108433734939763
2 0.514 0.4954819277108434 0.196 0.2740963855421687
2 0.887 0.4728915662650603 0.134 0.1927710843373494
2 0.758 0.47138554216867473 0.128 0.1897590361445783
2 0.798 0.29066265060240964 0.228 0.213855421686747
