4 0.34800000000000003 0.8840361445783133 0.28400000000000003 0.22590361445783133
4 0.778 0.858433734939759 0.3 0.27710843373493976
4 0.907 0.6957831325301205 0.182 0.25903614457831325
4 0.872 0.5301204819277109 0.232 0.1927710843373494
4 0.855 0.24849397590361447 0.28600000000000003 0.2560240963855422
4 0.77 0.08132530120481928 0.18 0.16265060240963855
4 0.527 0.27108433734939763 0.218 0.21686746987951808
4 0.483 0.6536144578313253 0.23 0.24096385542168675
4 0.5680000000000001 0.5271084337349398 0.256 0.2530120481927711
4 0.14100000000000001 0.9006024096385543 0.19 0.1927710843373494
4 0.223 0.5 0.234 0.427710843373494
4 0.046 0.585843373493976 0.092 0.20783132530120482
4 0.227 0.2274096385542169 0.19 0.25
4 0.063 0.28313253012048195 0.126 0.1927710843373494
4 0.123 0.14156626506024098 0.138 0.16867469879518074
4 0.403 0.08132530120481928 0.182 0.16265060240963855
4 0.5650000000000001 0.08734939759036145 0.162 0.1746987951807229
