2 0.2859375 0.5023584905660378 0.134375 0.25
2 0.296875 0.3278301886792453 0.1125 0.10849056603773584
2 0.4453125 0.2712264150943396 0.22187500000000002 0.23113207547169812
2 0.3984375 0.5589622641509434 0.096875 0.15566037735849056
2 0.64375 0.7783018867924528 0.125 0.1792452830188679
2 0.6328125 0.6132075471698113 0.178125 0.1792452830188679
2 0.5171875 0.49528301886792453 0.171875 0.27358490566037735
2 0.6296875000000001 0.30660377358490565 0.153125 0.27358490566037735
2 0.759375 0.4740566037735849 0.125 0.20283018867924527
2 0.884375 0.4693396226415094 0.14375000000000002 0.19339622641509432
2 0.8015625000000001 0.285377358490566 0.240625 0.19339622641509432
