4 0.202 0.16266666666666665 0.268 0.2773333333333333
4 0.109 0.5186666666666666 0.186 0.19466666666666665
4 0.226 0.54 0.14400000000000002 0.152
4 0.257 0.436 0.162 0.17333333333333334
4 0.178 0.8119999999999999 0.308 0.30133333333333334
4 0.468 0.37466666666666665 0.212 0.22133333333333333
4 0.534 0.5559999999999999 0.2 0.2373333333333333
4 0.6900000000000001 0.42266666666666663 0.192 0.21066666666666667
4 0.787 0.19999999999999998 0.234 0.22933333333333333
4 0.847 0.39199999999999996 0.222 0.192
