0 0.15937500000000002 0.40208333333333335 0.06875 0.07916666666666666
0 0.16562500000000002 0.6583333333333333 0.05625 0.075
0 0.2390625 0.13125 0.065625 0.07916666666666666
0 0.3453125 0.21875 0.059375000000000004 0.07916666666666666
0 0.41250000000000003 0.26458333333333334 0.05 0.07083333333333333
0 0.3359375 0.4145833333333333 0.059375000000000004 0.0875
0 0.30781250000000004 0.5041666666666667 0.053125000000000006 0.06666666666666667
0 0.27187500000000003 0.6958333333333333 0.0625 0.075
0 0.4140625 0.3729166666666667 0.065625 0.07916666666666666
0 0.4609375 0.43333333333333335 0.053125000000000006 0.06666666666666667
0 0.5515625000000001 0.28541666666666665 0.065625 0.07083333333333333
0 0.55625 0.225 0.05625 0.075
0 0.64375 0.20625 0.05625 0.07916666666666666
0 0.7640625000000001 0.23958333333333334 0.065625 0.07083333333333333
0 0.5796875 0.5145833333333333 0.053125000000000006 0.07083333333333333
0 0.6078125000000001 0.55 0.034375 0.05
0 0.5546875 0.6395833333333333 0.046875 0.05416666666666667
0 0.721875 0.5729166666666666 0.05625 0.07083333333333333
0 0.7875000000000001 0.6 0.0625 0.075
0 0.7703125000000001 0.6583333333333333 0.065625 0.08333333333333333
