4 0.39791666666666664 0.35833333333333334 0.0875 0.1
4 0.5604166666666667 0.3208333333333333 0.1375 0.11666666666666667
4 0.675 0.35 0.08333333333333333 0.1
4 0.20416666666666666 0.275 0.20833333333333334 0.11666666666666667
4 0.25 0.35625 0.06666666666666667 0.07916666666666666
4 0.38125 0.26458333333333334 0.07916666666666666 0.0625
4 0.8458333333333333 0.28125 0.3 0.07083333333333333
4 0.75625 0.3229166666666667 0.04583333333333333 0.0625
4 0.8541666666666666 0.35833333333333334 0.058333333333333334 0.075
4 0.48541666666666666 0.275 0.07083333333333333 0.08333333333333333
4 0.6 0.25 0.11666666666666667 0.058333333333333334
4 0.04791666666666666 0.28125 0.09583333333333333 0.17083333333333334
