4 0.58125 0.7394366197183099 0.08750000000000001 0.15492957746478875
4 0.22187500000000002 0.7253521126760564 0.07500000000000001 0.1267605633802817
4 0.18281250000000002 0.5657276995305165 0.053125000000000006 0.0892018779342723
4 0.309375 0.4859154929577465 0.06875 0.1267605633802817
4 0.3875 0.6690140845070423 0.09375 0.18309859154929578
4 0.49062500000000003 0.5938967136150235 0.0625 0.11737089201877934
4 0.6062500000000001 0.5046948356807511 0.05625 0.09859154929577466
4 0.659375 0.5446009389671361 0.05 0.08450704225352113
4 0.80625 0.7417840375586855 0.06875 0.14084507042253522
4 0.859375 0.755868544600939 0.043750000000000004 0.09389671361502347
4 0.8406250000000001 0.57981220657277 0.06875 0.15492957746478875
4 0.22812500000000002 0.3967136150234742 0.08125 0.07981220657276995
4 0.5906250000000001 0.31690140845070425 0.33125000000000004 0.1643192488262911
4 0.2765625 0.2746478873239437 0.065625 0.13615023474178403
4 0.4421875 0.431924882629108 0.034375 0.07511737089201878
4 0.721875 0.5821596244131455 0.05625 0.16901408450704225
4 0.753125 0.49765258215962443 0.037500000000000006 0.07511737089201878
4 0.6875 0.8075117370892019 0.0625 0.15023474178403756
4 0.6734375 0.4272300469483568 0.084375 0.08450704225352113
4 0.9187500000000001 0.511737089201878 0.05 0.10328638497652583
4 0.5 0.18309859154929578 0.25625000000000003 0.14084507042253522
4 0.0890625 0.12441314553990611 0.178125 0.24882629107981222
4 0.025 0.29107981220657275 0.05 0.056338028169014086
4 0.2234375 0.06572769953051644 0.09062500000000001 0.13145539906103287
4 0.6296875000000001 0.07276995305164319 0.734375 0.14553990610328638
4 0.9390625 0.22300469483568075 0.115625 0.17370892018779344
4 0.6687500000000001 0.23004694835680753 0.03125 0.046948356807511735
