4 0.1765625 0.25625 0.353125 0.5125
4 0.45156250000000003 0.26875 0.290625 0.30416666666666664
4 0.4109375 0.058333333333333334 0.115625 0.11666666666666667
4 0.5046875000000001 0.029166666666666667 0.084375 0.058333333333333334
4 0.7937500000000001 0.24791666666666667 0.40625 0.49583333333333335
4 0.2984375 0.6833333333333333 0.203125 0.20833333333333334
4 0.484375 0.5583333333333333 0.1625 0.2583333333333333
4 0.6515625 0.6541666666666667 0.184375 0.21666666666666667
4 0.6140625000000001 0.85 0.16562500000000002 0.21666666666666667
4 0.8187500000000001 0.8916666666666666 0.23750000000000002 0.20833333333333334
4 0.23125 0.8833333333333333 0.4625 0.225
