4 0.215625 0.425 0.11875000000000001 0.11666666666666667
4 0.47968750000000004 0.7541666666666667 0.178125 0.2
4 0.7515625 0.7895833333333333 0.12187500000000001 0.17916666666666667
4 0.8453125 0.6166666666666667 0.146875 0.175
4 0.9515625000000001 0.9145833333333333 0.09062500000000001 0.1625
4 0.08281250000000001 0.8833333333333333 0.16562500000000002 0.225
4 0.2328125 0.7541666666666667 0.215625 0.23333333333333334
4 0.084375 0.49166666666666664 0.16875 0.65
4 0.25 0.5604166666666667 0.20625000000000002 0.15416666666666667
4 0.353125 0.4895833333333333 0.19375 0.15416666666666667
4 0.5796875 0.27708333333333335 0.8343750000000001 0.24583333333333332
4 0.53125 0.42291666666666666 0.1 0.1125
4 0.65 0.47291666666666665 0.15000000000000002 0.1875
4 0.7375 0.51875 0.08125 0.10416666666666667
4 0.846875 0.4875 0.1375 0.125
4 0.8296875 0.3958333333333333 0.246875 0.10833333333333334
