4 0.8421875000000001 0.8583333333333333 0.309375 0.275
4 0.115625 0.5916666666666667 0.043750000000000004 0.075
4 0.17500000000000002 0.6041666666666666 0.037500000000000006 0.075
4 0.23593750000000002 0.6270833333333333 0.046875 0.07083333333333333
4 0.3375 0.6958333333333333 0.037500000000000006 0.075
4 0.278125 0.6541666666666667 0.03125 0.05
4 0.321875 0.46458333333333335 0.33125000000000004 0.3208333333333333
4 0.5734375 0.3145833333333333 0.359375 0.2125
4 0.7703125000000001 0.19375 0.253125 0.17083333333333334
4 0.84375 0.29791666666666666 0.025 0.0375
4 0.3953125 0.6520833333333333 0.040625 0.05416666666666667
4 0.6078125000000001 0.44166666666666665 0.040625 0.058333333333333334
