4 0.2611111111111111 0.7625 0.14444444444444446 0.09166666666666666
4 0.38333333333333336 0.7729166666666667 0.13333333333333333 0.10416666666666667
4 0.3472222222222222 0.6770833333333334 0.09444444444444444 0.07916666666666666
4 0.5750000000000001 0.6979166666666666 0.15 0.1125
4 0.16944444444444445 0.5979166666666667 0.16111111111111112 0.0875
4 0.41111111111111115 0.5645833333333333 0.17777777777777778 0.1125
4 0.7166666666666667 0.5270833333333333 0.34444444444444444 0.2125
4 0.9388888888888889 0.5666666666666667 0.11111111111111112 0.1
4 0.8777777777777778 0.6916666666666667 0.14444444444444446 0.14166666666666666
4 0.044444444444444446 0.40625 0.08888888888888889 0.1125
4 0.11388888888888889 0.49374999999999997 0.10555555555555556 0.07083333333333333
4 0.16944444444444445 0.4083333333333333 0.15 0.09166666666666666
4 0.39722222222222225 0.45208333333333334 0.35000000000000003 0.14583333333333334
4 0.6555555555555556 0.3645833333333333 0.2 0.1375
4 0.36944444444444446 0.34791666666666665 0.31666666666666665 0.10416666666666667
4 0.5194444444444445 0.29375 0.061111111111111116 0.04583333333333333
