4 0.876 0.8723723723723724 0.244 0.24924924924924924
4 0.683 0.8963963963963963 0.162 0.2012012012012012
4 0.554 0.9084084084084084 0.112 0.17717717717717718
4 0.456 0.9309309309309309 0.084 0.13213213213213212
4 0.373 0.9414414414414415 0.08600000000000001 0.1111111111111111
4 0.28200000000000003 0.9429429429429429 0.1 0.10810810810810811
4 0.897 0.6741741741741741 0.202 0.17117117117117117
4 0.726 0.7117117117117117 0.156 0.1921921921921922
4 0.592 0.7372372372372372 0.12 0.19519519519519518
4 0.487 0.7612612612612613 0.098 0.2132132132132132
4 0.397 0.7762762762762763 0.10200000000000001 0.23123123123123124
4 0.307 0.7882882882882882 0.094 0.22522522522522523
4 0.131 0.8378378378378378 0.262 0.3183183183183183
