0 0.42162162162162165 0.4395833333333333 0.21621621621621623 0.12916666666666665
0 0.07837837837837838 0.20208333333333334 0.15675675675675677 0.14583333333333334
0 0.39729729729729735 0.23541666666666666 0.1891891891891892 0.1125
0 0.7000000000000001 0.2625 0.2 0.11666666666666667
0 0.4783783783783784 0.13541666666666666 0.14594594594594595 0.07916666666666666
0 0.8648648648648649 0.04375 0.15135135135135136 0.0875
0 0.9 0.5375 0.1891891891891892 0.225
0 0.7216216216216217 0.0625 0.11351351351351352 0.09166666666666666
0 0.5540540540540541 0.175 0.10270270270270271 0.058333333333333334
0 0.9621621621621622 0.10833333333333334 0.06486486486486487 0.08333333333333333
0 0.7054054054054054 0.75625 0.5783783783783785 0.2375
