3 0.6921875000000001 0.6196581196581197 0.16562500000000002 0.2820512820512821
3 0.33125000000000004 0.45299145299145305 0.1 0.20512820512820515
3 0.40625 0.6175213675213675 0.1375 0.19230769230769232
3 0.4859375 0.48290598290598297 0.19062500000000002 0.2478632478632479
3 0.43125 0.25641025641025644 0.125 0.18803418803418806
3 0.6515625 0.26282051282051283 0.30312500000000003 0.2692307692307693
3 0.225 0.3547008547008547 0.11875000000000001 0.17094017094017094
3 0.153125 0.6068376068376069 0.17500000000000002 0.20512820512820515
3 0.253125 0.5448717948717949 0.07500000000000001 0.15811965811965814
3 0.0890625 0.38675213675213677 0.115625 0.23504273504273507
