4 0.1125 0.5458333333333333 0.025 0.041666666666666664
4 0.15781250000000002 0.4895833333333333 0.028125 0.04583333333333333
4 0.24531250000000002 0.55 0.021875000000000002 0.03333333333333333
4 0.16562500000000002 0.5354166666666667 0.018750000000000003 0.029166666666666667
4 0.3125 0.525 0.018750000000000003 0.03333333333333333
4 0.45 0.5604166666666667 0.025 0.0375
4 0.5375 0.5354166666666667 0.025 0.029166666666666667
4 0.45156250000000003 0.45 0.015625 0.025
4 0.478125 0.4791666666666667 0.018750000000000003 0.025
4 0.5703125 0.53125 0.015625 0.029166666666666667
4 0.59375 0.5145833333333333 0.018750000000000003 0.029166666666666667
4 0.634375 0.53125 0.018750000000000003 0.0375
4 0.6203125 0.4395833333333333 0.015625 0.029166666666666667
4 0.6421875 0.44375 0.015625 0.029166666666666667
4 0.7296875 0.4270833333333333 0.015625 0.029166666666666667
4 0.7609375 0.4395833333333333 0.021875000000000002 0.0375
4 0.7609375 0.5479166666666666 0.015625 0.029166666666666667
4 0.7875000000000001 0.5354166666666667 0.025 0.029166666666666667
4 0.8421875000000001 0.4895833333333333 0.034375 0.0625
4 0.8703125 0.46458333333333335 0.028125 0.029166666666666667
