4 0.022 0.7942942942942943 0.044 0.14714714714714713
4 0.067 0.7177177177177178 0.062 0.15015015015015015
4 0.209 0.6336336336336337 0.146 0.1921921921921922
4 0.216 0.8273273273273273 0.224 0.2852852852852853
4 0.38 0.5285285285285285 0.08 0.18018018018018017
4 0.459 0.496996996996997 0.106 0.2552552552552553
4 0.41400000000000003 0.6726726726726726 0.08 0.15015015015015015
4 0.463 0.7177177177177178 0.094 0.17417417417417416
4 0.34900000000000003 0.7717717717717718 0.082 0.14414414414414414
4 0.376 0.8933933933933934 0.096 0.11711711711711711
4 0.51 0.8888888888888888 0.10400000000000001 0.16816816816816815
4 0.611 0.7147147147147147 0.10200000000000001 0.18618618618618618
4 0.619 0.8303303303303303 0.066 0.11711711711711711
4 0.727 0.7732732732732732 0.114 0.2132132132132132
4 0.733 0.5525525525525525 0.066 0.17417417417417416
4 0.777 0.6351351351351351 0.046 0.1111111111111111
4 0.891 0.7852852852852853 0.214 0.37537537537537535
4 0.934 0.44894894894894893 0.128 0.2852852852852853
