4 0.09 0.2987987987987988 0.096 0.12912912912912913
4 0.195 0.3003003003003003 0.106 0.13213213213213212
4 0.227 0.44144144144144143 0.146 0.16816816816816815
4 0.322 0.5630630630630631 0.112 0.1831831831831832
4 0.433 0.3363363363363363 0.162 0.27627627627627627
4 0.626 0.28378378378378377 0.14 0.2012012012012012
4 0.748 0.36486486486486486 0.132 0.16516516516516516
4 0.883 0.2807807807807808 0.146 0.15915915915915915
4 0.6920000000000001 0.5255255255255256 0.14400000000000002 0.18018018018018017
4 0.9540000000000001 0.496996996996997 0.088 0.17117117117117117
4 0.604 0.7642642642642643 0.18 0.15915915915915915
4 0.128 0.6981981981981982 0.20400000000000001 0.23723723723723725
4 0.219 0.5 0.378 0.2132132132132132
