4 0.226 0.6156156156156156 0.108 0.2222222222222222
4 0.278 0.8918918918918919 0.116 0.21021021021021022
4 0.061 0.1111111111111111 0.106 0.1921921921921922
4 0.28800000000000003 0.1111111111111111 0.188 0.2222222222222222
4 0.069 0.5105105105105106 0.138 0.39039039039039036
4 0.108 0.24324324324324323 0.14400000000000002 0.14414414414414414
4 0.317 0.31981981981981983 0.094 0.17117117117117117
4 0.47100000000000003 0.21621621621621623 0.078 0.16216216216216217
4 0.504 0.13363363363363362 0.052000000000000005 0.15915915915915915
4 0.41000000000000003 0.8558558558558559 0.12 0.25225225225225223
4 0.531 0.7942942942942943 0.13 0.23723723723723725
4 0.589 0.9129129129129129 0.11 0.16816816816816815
4 0.5680000000000001 0.5795795795795796 0.1 0.24024024024024024
4 0.394 0.44594594594594594 0.032 0.10510510510510511
4 0.47600000000000003 0.40540540540540543 0.112 0.2042042042042042
4 0.585 0.37237237237237236 0.134 0.1981981981981982
4 0.657 0.25825825825825827 0.262 0.21621621621621623
4 0.615 0.07657657657657657 0.09 0.15315315315315314
4 0.752 0.0915915915915916 0.076 0.14114114114114115
4 0.6890000000000001 0.07507507507507508 0.034 0.0960960960960961
4 0.6990000000000001 0.47897897897897895 0.082 0.2132132132132132
4 0.8170000000000001 0.506006006006006 0.094 0.2072072072072072
4 0.921 0.6216216216216216 0.09 0.21021021021021022
4 0.872 0.9309309309309309 0.12 0.13213213213213212
4 0.969 0.7807807807807807 0.058 0.21021021021021022
4 0.899 0.34384384384384387 0.13 0.22522522522522523
4 0.924 0.11711711711711711 0.148 0.23423423423423423
