4 0.499 0.8918918918918919 0.998 0.21021021021021022
4 0.052000000000000005 0.6336336336336337 0.10400000000000001 0.25225225225225223
4 0.148 0.5540540540540541 0.108 0.14714714714714713
4 0.271 0.6561561561561562 0.254 0.2912912912912913
4 0.509 0.6411411411411412 0.23800000000000002 0.3033033033033033
4 0.727 0.6621621621621622 0.214 0.2912912912912913
4 0.9420000000000001 0.3963963963963964 0.112 0.2042042042042042
4 0.8320000000000001 0.3888888888888889 0.128 0.12912912912912913
4 0.772 0.5 0.148 0.0990990990990991
4 0.6930000000000001 0.40540540540540543 0.162 0.16216216216216217
4 0.517 0.4099099099099099 0.214 0.14714714714714713
4 0.417 0.48348348348348347 0.114 0.0960960960960961
4 0.269 0.44294294294294295 0.178 0.17117117117117117
4 0.058 0.4804804804804805 0.116 0.09009009009009009
4 0.121 0.3918918918918919 0.17 0.11711711711711711
4 0.872 0.14714714714714713 0.252 0.15615615615615616
4 0.515 0.2222222222222222 0.146 0.16216216216216217
4 0.669 0.1981981981981982 0.182 0.13213213213213212
4 0.58 0.06306306306306306 0.256 0.12012012012012012
4 0.781 0.05105105105105105 0.17 0.0960960960960961
4 0.274 0.06906906906906907 0.148 0.12612612612612611
4 0.40700000000000003 0.08708708708708708 0.122 0.13213213213213212
4 0.224 0.21771771771771772 0.152 0.15315315315315314
