4 0.1875 0.14084507042253522 0.20625000000000002 0.28169014084507044
4 0.3453125 0.3685446009389671 0.134375 0.23004694835680753
4 0.0734375 0.4295774647887324 0.146875 0.22065727699530516
4 0.16718750000000002 0.5821596244131455 0.146875 0.15023474178403756
4 0.33125000000000004 0.7065727699530516 0.10625000000000001 0.17370892018779344
4 0.36875 0.5962441314553991 0.10625000000000001 0.13145539906103287
4 0.0328125 0.6619718309859155 0.065625 0.11267605633802817
4 0.1859375 0.7230046948356808 0.059375000000000004 0.10328638497652583
4 0.2390625 0.8075117370892019 0.10312500000000001 0.13145539906103287
4 0.40156250000000004 0.7605633802816901 0.084375 0.11267605633802817
4 0.4265625 0.8708920187793427 0.053125000000000006 0.11737089201877934
4 0.375 0.8708920187793427 0.05625 0.07981220657276995
4 0.48281250000000003 0.8849765258215962 0.059375000000000004 0.13615023474178403
4 0.5281250000000001 0.7605633802816901 0.09375 0.1784037558685446
4 0.56875 0.5915492957746479 0.10625000000000001 0.1784037558685446
4 0.6687500000000001 0.49765258215962443 0.17500000000000002 0.24413145539906103
4 0.64375 0.8098591549295775 0.10625000000000001 0.17370892018779344
4 0.6984375 0.6737089201877935 0.10312500000000001 0.1267605633802817
4 0.76875 0.7300469483568075 0.1 0.1267605633802817
4 0.7734375 0.8568075117370892 0.109375 0.11737089201877934
4 0.859375 0.5446009389671361 0.14375000000000002 0.20657276995305165
4 0.7453125 0.24647887323943662 0.215625 0.3051643192488263
4 0.9593750000000001 0.6291079812206573 0.07500000000000001 0.16901408450704225
