4 0.25 0.8591549295774648 0.20625000000000002 0.27230046948356806
4 0.2984375 0.676056338028169 0.184375 0.20657276995305165
4 0.1171875 0.5446009389671361 0.19062500000000002 0.22535211267605634
4 0.11875000000000001 0.32629107981220656 0.225 0.23004694835680753
4 0.1375 0.11032863849765258 0.275 0.22065727699530516
4 0.6375000000000001 0.11267605633802817 0.71875 0.22535211267605634
4 0.246875 0.4647887323943662 0.0625 0.1596244131455399
4 0.340625 0.38497652582159625 0.0625 0.08450704225352113
4 0.3140625 0.5586854460093896 0.078125 0.09389671361502347
4 0.44062500000000004 0.4084507042253521 0.09375 0.13145539906103287
4 0.484375 0.7230046948356808 0.08750000000000001 0.1971830985915493
4 0.6796875 0.8497652582159625 0.096875 0.15023474178403756
4 0.8984375 0.7746478873239436 0.19687500000000002 0.3474178403755869
4 0.6828125 0.5845070422535211 0.259375 0.14553990610328638
4 0.5546875 0.45539906103286387 0.140625 0.26291079812206575
4 0.64375 0.4413145539906103 0.09375 0.15023474178403756
4 0.7375 0.3873239436619718 0.21250000000000002 0.23004694835680753
4 0.89375 0.2746478873239437 0.20625000000000002 0.14553990610328638
4 0.6046875 0.27699530516431925 0.115625 0.12206572769953052
4 0.35468750000000004 0.23708920187793428 0.134375 0.18309859154929578
4 0.43593750000000003 0.2746478873239437 0.12812500000000002 0.14553990610328638
