0 0.3671875 0.7395833333333334 0.19062500000000002 0.15416666666666667
0 0.20625000000000002 0.9083333333333333 0.20625000000000002 0.175
0 0.8031250000000001 0.9041666666666667 0.1625 0.18333333333333332
0 0.9390625 0.8208333333333333 0.115625 0.2
0 0.925 0.9395833333333333 0.14375000000000002 0.1125
0 0.6703125000000001 0.3416666666666667 0.171875 0.2
0 0.8656250000000001 0.3333333333333333 0.1875 0.2
0 0.525 0.6541666666666667 0.17500000000000002 0.23333333333333334
0 0.6375000000000001 0.5520833333333334 0.16875 0.1875
0 0.8031250000000001 0.5479166666666666 0.125 0.1625
0 0.1328125 0.14375 0.09062500000000001 0.10416666666666667
0 0.203125 0.24166666666666667 0.10625000000000001 0.11666666666666667
0 0.025 0.30416666666666664 0.05 0.1
0 0.029687500000000002 0.5125 0.059375000000000004 0.15833333333333333
0 0.115625 0.46458333333333335 0.11875000000000001 0.15416666666666667
0 0.3875 0.2520833333333333 0.14375000000000002 0.15416666666666667
0 0.48750000000000004 0.16666666666666666 0.125 0.14166666666666666
0 0.7156250000000001 0.09583333333333333 0.1875 0.15833333333333333
0 0.565625 0.04583333333333333 0.18125000000000002 0.09166666666666666
0 0.2765625 0.48125 0.15937500000000002 0.1625
0 0.4 0.4083333333333333 0.11875000000000001 0.11666666666666667
0 0.3640625 0.5666666666666667 0.184375 0.16666666666666666
0 0.2421875 0.34375 0.184375 0.1625
