4 0.113 0.2777777777777778 0.226 0.33933933933933935
4 0.542 0.4774774774774775 0.14 0.21021021021021022
4 0.496 0.5915915915915916 0.116 0.14414414414414414
4 0.11 0.6726726726726726 0.128 0.18618618618618618
4 0.26 0.6951951951951952 0.128 0.1831831831831832
4 0.709 0.6066066066066066 0.122 0.26426426426426425
4 0.8230000000000001 0.45045045045045046 0.194 0.27627627627627627
4 0.909 0.16966966966966968 0.178 0.33933933933933935
4 0.447 0.7087087087087087 0.098 0.12012012012012012
4 0.398 0.7732732732732732 0.088 0.1111111111111111
4 0.301 0.9024024024024024 0.10200000000000001 0.14114114114114115
4 0.799 0.7597597597597597 0.10200000000000001 0.10810810810810811
4 0.531 0.7717717717717718 0.114 0.16816816816816815
4 0.627 0.8063063063063063 0.074 0.1111111111111111
4 0.918 0.7087087087087087 0.16 0.24024024024024024
4 0.036000000000000004 0.7912912912912913 0.07200000000000001 0.10510510510510511
4 0.14400000000000002 0.7957957957957957 0.08 0.1021021021021021
4 0.213 0.7972972972972973 0.07 0.11711711711711711
4 0.332 0.7657657657657657 0.064 0.11411411411411411
4 0.855 0.8633633633633634 0.28600000000000003 0.14114114114114115
4 0.532 0.8933933933933934 0.368 0.09309309309309309
4 0.169 0.8798798798798799 0.182 0.08408408408408408
