4 0.37343750000000003 0.8375 0.10312500000000001 0.14166666666666666
4 0.5875 0.7770833333333333 0.18125000000000002 0.22083333333333333
4 0.14375000000000002 0.5270833333333333 0.1375 0.1875
4 0.2984375 0.5395833333333333 0.140625 0.15416666666666667
4 0.16562500000000002 0.32708333333333334 0.1125 0.1625
4 0.2734375 0.3770833333333333 0.146875 0.22083333333333333
4 0.3125 0.29375 0.1125 0.12916666666666665
4 0.4109375 0.35 0.12187500000000001 0.13333333333333333
4 0.434375 0.26458333333333334 0.09375 0.09583333333333333
4 0.51875 0.2 0.1625 0.2
4 0.6375000000000001 0.20625 0.1 0.12083333333333333
4 0.45937500000000003 0.5208333333333334 0.11875000000000001 0.15833333333333333
4 0.5281250000000001 0.45208333333333334 0.11875000000000001 0.14583333333333334
4 0.6328125 0.39791666666666664 0.178125 0.22916666666666666
4 0.6765625000000001 0.3104166666666667 0.109375 0.1375
4 0.7953125000000001 0.13125 0.065625 0.0875
4 0.8296875 0.33541666666666664 0.153125 0.17083333333333334
4 0.8171875000000001 0.46875 0.10312500000000001 0.12916666666666665
4 0.7046875 0.56875 0.146875 0.1875
4 0.9281250000000001 0.03958333333333333 0.1375 0.07916666666666666
4 0.9375 0.18125 0.07500000000000001 0.10416666666666667
