4 0.2421875 0.215962441314554 0.19062500000000002 0.27230046948356806
4 0.5171875 0.15492957746478875 0.153125 0.26291079812206575
4 0.8390625 0.3075117370892019 0.140625 0.22065727699530516
4 0.08750000000000001 0.5938967136150235 0.1375 0.17370892018779344
4 0.1546875 0.727699530516432 0.096875 0.215962441314554
4 0.23125 0.6220657276995305 0.08125 0.15492957746478875
4 0.253125 0.4460093896713615 0.1375 0.18779342723004694
4 0.328125 0.5539906103286385 0.1 0.13145539906103287
4 0.2984375 0.6830985915492958 0.059375000000000004 0.17370892018779344
4 0.3640625 0.6784037558685446 0.046875 0.07981220657276995
4 0.4265625 0.5586854460093896 0.059375000000000004 0.11267605633802817
4 0.4421875 0.6971830985915494 0.078125 0.0892018779342723
4 0.4765625 0.3873239436619718 0.09062500000000001 0.18309859154929578
4 0.50625 0.5586854460093896 0.09375 0.22535211267605634
4 0.634375 0.6619718309859155 0.225 0.26291079812206575
4 0.6734375 0.5 0.10312500000000001 0.1267605633802817
4 0.8390625 0.4765258215962441 0.115625 0.17370892018779344
4 0.9546875 0.607981220657277 0.084375 0.2863849765258216
4 0.7781250000000001 0.647887323943662 0.08125 0.18779342723004694
4 0.875 0.6807511737089202 0.1125 0.11267605633802817
