4 0.775 0.6807511737089202 0.44375000000000003 0.6291079812206573
4 0.48281250000000003 0.5023474178403756 0.16562500000000002 0.215962441314554
4 0.4859375 0.8051643192488263 0.19062500000000002 0.38028169014084506
4 0.1234375 0.6596244131455399 0.246875 0.6713615023474179
4 0.3203125 0.539906103286385 0.171875 0.3943661971830986
4 0.33125000000000004 0.744131455399061 0.0625 0.09859154929577466
4 0.2546875 0.8333333333333334 0.09062500000000001 0.15492957746478875
4 0.7640625000000001 0.1596244131455399 0.465625 0.13145539906103287
4 0.41875 0.17136150234741784 0.03125 0.06103286384976526
4 0.9578125000000001 0.2535211267605634 0.078125 0.06572769953051644
