4 0.12812500000000002 0.42916666666666664 0.25625000000000003 0.125
4 0.4109375 0.47291666666666665 0.096875 0.12916666666666665
4 0.5640625 0.5041666666666667 0.22812500000000002 0.14166666666666666
4 0.5203125000000001 0.6958333333333333 0.184375 0.3
4 0.371875 0.7104166666666667 0.13125 0.15416666666666667
4 0.08125 0.6041666666666666 0.05 0.058333333333333334
4 0.20625000000000002 0.6979166666666666 0.043750000000000004 0.04583333333333333
4 0.2578125 0.65 0.034375 0.05
4 0.32656250000000003 0.6166666666666667 0.034375 0.041666666666666664
4 0.2234375 0.5645833333333333 0.209375 0.1375
