4 0.1765625 0.11041666666666666 0.234375 0.12916666666666665
4 0.03125 0.18958333333333333 0.037500000000000006 0.07083333333333333
4 0.06406250000000001 0.3416666666666667 0.059375000000000004 0.075
4 0.22031250000000002 0.3104166666666667 0.22187500000000002 0.17916666666666667
4 0.371875 0.29375 0.0625 0.07916666666666666
4 0.38906250000000003 0.4 0.053125000000000006 0.075
4 0.290625 0.42916666666666664 0.043750000000000004 0.058333333333333334
4 0.2078125 0.4979166666666667 0.046875 0.0625
4 0.5328125 0.20208333333333334 0.12812500000000002 0.1625
4 0.7406250000000001 0.27708333333333335 0.31875000000000003 0.2125
4 0.5593750000000001 0.3416666666666667 0.043750000000000004 0.06666666666666667
4 0.5609375 0.425 0.059375000000000004 0.075
4 0.6765625000000001 0.5354166666666667 0.215625 0.19583333333333333
4 0.71875 0.41041666666666665 0.0625 0.0875
4 0.4265625 0.5854166666666667 0.12187500000000001 0.2708333333333333
4 0.525 0.5020833333333333 0.1 0.0875
4 0.571875 0.6104166666666666 0.07500000000000001 0.09583333333333333
4 0.515625 0.68125 0.08750000000000001 0.10416666666666667
4 0.5625 0.7979166666666666 0.1 0.1375
4 0.6625000000000001 0.8458333333333333 0.09375 0.13333333333333333
4 0.6328125 0.6958333333333333 0.134375 0.125
4 0.721875 0.7583333333333333 0.06875 0.1
