1 0.053125000000000006 0.15492957746478875 0.10625000000000001 0.11267605633802817
1 0.2234375 0.2652582159624413 0.203125 0.17370892018779344
1 0.36875 0.284037558685446 0.08125 0.09859154929577466
1 0.3765625 0.42488262910798125 0.22812500000000002 0.2112676056338028
1 0.11406250000000001 0.5211267605633803 0.22812500000000002 0.3192488262910798
1 0.2859375 0.5422535211267606 0.115625 0.14553990610328638
1 0.6015625 0.43896713615023475 0.184375 0.3333333333333333
1 0.7296875 0.3145539906103286 0.084375 0.15023474178403756
1 0.8718750000000001 0.27699530516431925 0.1375 0.1971830985915493
1 0.9343750000000001 0.47417840375586856 0.125 0.13145539906103287
1 0.978125 0.15258215962441316 0.037500000000000006 0.07981220657276995
1 0.503125 0.43896713615023475 0.05 0.07981220657276995
1 0.49375 0.5305164319248826 0.05625 0.08450704225352113
1 0.30781250000000004 0.6666666666666666 0.065625 0.08450704225352113
1 0.22812500000000002 0.6525821596244131 0.05625 0.08450704225352113
1 0.821875 0.471830985915493 0.125 0.14553990610328638
