4 0.495 0.503003003003003 0.046 0.07507507507507508
4 0.745 0.43243243243243246 0.094 0.12012012012012012
4 0.87 0.48348348348348347 0.04 0.05405405405405406
4 0.922 0.39789789789789787 0.152 0.12912912912912913
4 0.907 0.25375375375375375 0.054 0.07507507507507508
4 0.786 0.21021021021021022 0.052000000000000005 0.08408408408408408
4 0.599 0.16966966966966968 0.066 0.0990990990990991
4 0.41000000000000003 0.13363363363363362 0.088 0.0990990990990991
4 0.199 0.12612612612612611 0.046 0.07207207207207207
4 0.077 0.12462462462462462 0.054 0.08108108108108109
4 0.049 0.18468468468468469 0.08600000000000001 0.1111111111111111
4 0.129 0.36786786786786785 0.07 0.10510510510510511
4 0.17 0.28378378378378377 0.044 0.09309309309309309
4 0.11800000000000001 0.24324324324324323 0.056 0.07807807807807808
4 0.157 0.17567567567567569 0.094 0.08108108108108109
4 0.20500000000000002 0.2072072072072072 0.042 0.07207207207207207
4 0.221 0.26726726726726724 0.034 0.06606606606606606
4 0.268 0.2822822822822823 0.04 0.06606606606606606
4 0.28300000000000003 0.17717717717717718 0.038 0.07207207207207207
4 0.297 0.23573573573573572 0.058 0.08708708708708708
4 0.327 0.16816816816816815 0.062 0.07807807807807808
4 0.352 0.26576576576576577 0.048 0.08708708708708708
4 0.391 0.22072072072072071 0.07 0.08708708708708708
4 0.503 0.26426426426426425 0.178 0.13813813813813813
4 0.532 0.1921921921921922 0.036000000000000004 0.07807807807807808
4 0.629 0.2957957957957958 0.082 0.11711711711711711
4 0.746 0.29429429429429427 0.076 0.08408408408408408
4 0.808 0.34384384384384387 0.064 0.11711711711711711
