4 0.909375 0.8584905660377358 0.17500000000000002 0.27358490566037735
4 0.7125 0.7169811320754716 0.043750000000000004 0.09433962264150943
4 0.8109375000000001 0.7240566037735848 0.059375000000000004 0.0990566037735849
4 0.6781250000000001 0.7830188679245282 0.037500000000000006 0.08490566037735849
4 0.41875 0.910377358490566 0.8375 0.16981132075471697
4 0.5171875 0.7240566037735848 0.16562500000000002 0.24056603773584906
4 0.2171875 0.47877358490566035 0.434375 0.7122641509433962
4 0.5296875 0.49292452830188677 0.203125 0.22169811320754715
4 0.4859375 0.2523584905660377 0.10312500000000001 0.2688679245283019
4 0.7671875 0.13443396226415094 0.45937500000000003 0.15566037735849056
4 0.584375 0.25471698113207547 0.09375 0.09433962264150943
4 0.8656250000000001 0.2830188679245283 0.2625 0.12264150943396226
4 0.90625 0.535377358490566 0.18125000000000002 0.40094339622641506
