4 0.342 0.8378378378378378 0.36 0.3183183183183183
4 0.062 0.8603603603603603 0.124 0.2732732732732733
4 0.09 0.5045045045045045 0.18 0.25825825825825827
4 0.132 0.3228228228228228 0.196 0.2552552552552553
4 0.331 0.4744744744744745 0.15 0.1981981981981982
4 0.358 0.34684684684684686 0.20400000000000001 0.2072072072072072
4 0.339 0.1036036036036036 0.17400000000000002 0.2072072072072072
4 0.557 0.0960960960960961 0.182 0.1921921921921922
4 0.811 0.14564564564564564 0.222 0.2912912912912913
4 0.559 0.23123123123123124 0.146 0.15615615615615616
4 0.86 0.3783783783783784 0.14 0.2222222222222222
4 0.509 0.56006006006006 0.15 0.2132132132132132
4 0.589 0.36036036036036034 0.114 0.18018018018018017
4 0.6990000000000001 0.44594594594594594 0.146 0.19519519519519518
4 0.632 0.6831831831831832 0.17200000000000001 0.23723723723723725
4 0.8240000000000001 0.8363363363363363 0.188 0.3213213213213213
4 0.772 0.5795795795795796 0.124 0.18618618618618618
4 0.929 0.7402402402402403 0.138 0.23123123123123124
