4 0.519 0.8483483483483484 0.08600000000000001 0.12312312312312312
4 0.617 0.9444444444444444 0.19 0.10510510510510511
4 0.753 0.9459459459459459 0.08600000000000001 0.1021021021021021
4 0.8300000000000001 0.8963963963963963 0.07200000000000001 0.14714714714714713
4 0.914 0.9459459459459459 0.084 0.1021021021021021
4 0.422 0.9099099099099099 0.052000000000000005 0.07807807807807808
4 0.11 0.6981981981981982 0.22 0.2552552552552553
4 0.277 0.6396396396396397 0.094 0.12612612612612611
4 0.289 0.7597597597597597 0.138 0.15015015015015015
4 0.389 0.7252252252252253 0.122 0.16516516516516516
4 0.579 0.6996996996996997 0.23800000000000002 0.15015015015015015
4 0.849 0.7132132132132132 0.298 0.11711711711711711
4 0.797 0.6186186186186187 0.402 0.12612612612612611
4 0.326 0.8603603603603603 0.112 0.07507507507507508
