4 0.082 0.5481049562682215 0.08 0.1107871720116618
4 0.081 0.4489795918367347 0.07 0.09329446064139942
4 0.164 0.5379008746355685 0.044 0.04956268221574344
4 0.596 0.7142857142857143 0.08 0.12244897959183673
4 0.335 0.5393586005830904 0.058 0.08163265306122448
4 0.25 0.4810495626822157 0.124 0.18075801749271136
4 0.178 0.46647230320699706 0.06 0.08746355685131195
4 0.31 0.3658892128279883 0.044 0.0728862973760933
4 0.378 0.456268221574344 0.1 0.08454810495626822
4 0.439 0.34839650145772594 0.05 0.0728862973760933
4 0.47600000000000003 0.3556851311953353 0.04 0.0641399416909621
4 0.504 0.3206997084548105 0.048 0.08163265306122448
4 0.536 0.35714285714285715 0.068 0.09037900874635568
4 0.47500000000000003 0.4271137026239067 0.078 0.09037900874635568
4 0.588 0.5043731778425656 0.088 0.1107871720116618
4 0.645 0.39067055393586003 0.11 0.09329446064139942
4 0.759 0.4431486880466472 0.10200000000000001 0.13994169096209913
4 0.808 0.3658892128279883 0.064 0.10204081632653061
4 0.906 0.48542274052478135 0.184 0.16034985422740525
