4 0.17500000000000002 0.20187793427230047 0.15000000000000002 0.2347417840375587
4 0.2921875 0.2323943661971831 0.09062500000000001 0.15492957746478875
4 0.47187500000000004 0.23708920187793428 0.1 0.2112676056338028
4 0.5437500000000001 0.36619718309859156 0.08125 0.11267605633802817
4 0.5484375 0.47887323943661975 0.078125 0.13145539906103287
4 0.7578125 0.3427230046948357 0.12187500000000001 0.16901408450704225
4 0.8515625 0.43896713615023475 0.115625 0.2112676056338028
4 0.6921875000000001 0.47887323943661975 0.046875 0.08450704225352113
4 0.9656250000000001 0.47887323943661975 0.0625 0.11267605633802817
4 0.7734375 0.5164319248826291 0.09062500000000001 0.14084507042253522
4 0.065625 0.36619718309859156 0.0625 0.10328638497652583
4 0.053125000000000006 0.5845070422535211 0.10625000000000001 0.23004694835680753
4 0.1203125 0.47887323943661975 0.053125000000000006 0.07511737089201878
4 0.19062500000000002 0.5938967136150235 0.0625 0.07981220657276995
4 0.2265625 0.5164319248826291 0.07187500000000001 0.11267605633802817
4 0.33906250000000004 0.47887323943661975 0.22187500000000002 0.3380281690140845
4 0.525 0.57981220657277 0.2 0.20187793427230047
4 0.6859375000000001 0.5727699530516432 0.12812500000000002 0.08450704225352113
