4 0.09166666666666666 0.5444444444444445 0.15 0.2
4 0.23541666666666666 0.425 0.12916666666666665 0.17222222222222222
4 0.37083333333333335 0.4527777777777778 0.1 0.15
4 0.2875 0.6333333333333333 0.18333333333333332 0.26666666666666666
4 0.30625 0.8333333333333334 0.0625 0.13333333333333333
4 0.6229166666666667 0.6861111111111111 0.07083333333333333 0.1277777777777778
4 0.51875 0.3277777777777778 0.12916666666666665 0.2
4 0.6125 0.33333333333333337 0.08333333333333333 0.13333333333333333
4 0.7270833333333333 0.38333333333333336 0.10416666666666667 0.23333333333333334
4 0.8041666666666667 0.4138888888888889 0.06666666666666667 0.08333333333333334
4 0.8166666666666667 0.3416666666666667 0.06666666666666667 0.08333333333333334
4 0.9270833333333334 0.3277777777777778 0.07083333333333333 0.07777777777777778
4 0.9666666666666667 0.37222222222222223 0.058333333333333334 0.08888888888888889
4 0.48333333333333334 0.675 0.05 0.10555555555555556
4 0.5270833333333333 0.7444444444444445 0.05416666666666667 0.11111111111111112
