4 0.12812500000000002 0.6150234741784038 0.13125 0.15023474178403756
4 0.2171875 0.8333333333333334 0.209375 0.24882629107981222
4 0.44062500000000004 0.8544600938967136 0.15000000000000002 0.20657276995305165
4 0.775 0.7206572769953051 0.15625 0.26760563380281693
4 0.9125000000000001 0.8075117370892019 0.16875 0.2535211267605634
4 0.925 0.6384976525821596 0.1 0.16901408450704225
4 0.47187500000000004 0.5469483568075117 0.15000000000000002 0.15492957746478875
4 0.4296875 0.4131455399061033 0.096875 0.14084507042253522
4 0.29531250000000003 0.3826291079812207 0.084375 0.07981220657276995
4 0.1390625 0.32159624413145543 0.084375 0.11737089201877934
4 0.553125 0.4812206572769953 0.11875000000000001 0.14553990610328638
4 0.5578125 0.3732394366197183 0.078125 0.107981220657277
4 0.6843750000000001 0.4225352112676056 0.07500000000000001 0.12206572769953052
4 0.7562500000000001 0.45774647887323944 0.08125 0.11737089201877934
4 0.80625 0.35211267605633806 0.06875 0.09389671361502347
4 0.9078125 0.3380281690140845 0.065625 0.08450704225352113
4 0.9281250000000001 0.40375586854460094 0.07500000000000001 0.08450704225352113
