0 0.203125 0.3833333333333333 0.18125000000000002 0.24166666666666667
0 0.3359375 0.3125 0.09062500000000001 0.11666666666666667
0 0.3171875 0.4583333333333333 0.07187500000000001 0.06666666666666667
0 0.3515625 0.38958333333333334 0.078125 0.07083333333333333
0 0.45156250000000003 0.3541666666666667 0.146875 0.09166666666666666
0 0.7140625 0.40625 0.07187500000000001 0.10416666666666667
0 0.7828125 0.2833333333333333 0.115625 0.125
0 0.7796875000000001 0.41041666666666665 0.078125 0.07083333333333333
0 0.8828125 0.4479166666666667 0.046875 0.04583333333333333
0 0.5078125 0.5125 0.10312500000000001 0.08333333333333333
0 0.4234375 0.54375 0.078125 0.14583333333333334
0 0.5046875000000001 0.2708333333333333 0.065625 0.041666666666666664
0 0.5750000000000001 0.30625 0.07500000000000001 0.07083333333333333
0 0.5796875 0.3958333333333333 0.065625 0.058333333333333334
0 0.6171875 0.4479166666666667 0.10312500000000001 0.07083333333333333
0 0.41718750000000004 0.14583333333333334 0.07187500000000001 0.075
0 0.578125 0.13958333333333334 0.08750000000000001 0.07083333333333333
0 0.5906250000000001 0.20625 0.07500000000000001 0.05416666666666667
0 0.3796875 0.24375 0.065625 0.05416666666666667
0 0.3953125 0.20625 0.078125 0.0375
0 0.45156250000000003 0.23958333333333334 0.09062500000000001 0.04583333333333333
0 0.4546875 0.1875 0.07187500000000001 0.05
0 0.5140625 0.16875 0.078125 0.07916666666666666
