4 0.148 0.3858858858858859 0.296 0.2072072072072072
4 0.28500000000000003 0.2777777777777778 0.066 0.1111111111111111
4 0.357 0.3918918918918919 0.13 0.24324324324324323
4 0.488 0.36486486486486486 0.148 0.19519519519519518
4 0.626 0.3333333333333333 0.136 0.14414414414414414
4 0.682 0.23873873873873874 0.084 0.12912912912912913
4 0.747 0.4039039039039039 0.082 0.22522522522522523
4 0.8160000000000001 0.3933933933933934 0.088 0.13213213213213212
4 0.918 0.3153153153153153 0.16 0.08408408408408408
4 0.968 0.3963963963963964 0.06 0.13213213213213212
4 0.075 0.7102102102102102 0.15 0.2132132132132132
4 0.17300000000000001 0.6621621621621622 0.054 0.11711711711711711
4 0.25 0.7492492492492493 0.12 0.23123123123123124
4 0.363 0.8243243243243243 0.09 0.16516516516516516
4 0.395 0.7192192192192192 0.066 0.1831831831831832
4 0.523 0.7927927927927928 0.11 0.29429429429429427
4 0.662 0.7597597597597597 0.108 0.1981981981981982
4 0.735 0.8558558558558559 0.058 0.13213213213213212
4 0.876 0.7192192192192192 0.14 0.16516516516516516
4 0.908 0.8573573573573573 0.07200000000000001 0.13513513513513514
4 0.508 0.521021021021021 0.156 0.15315315315315314
4 0.659 0.5 0.146 0.2072072072072072
4 0.558 0.6366366366366366 0.048 0.07207207207207207
4 0.908 0.43093093093093093 0.1 0.15315315315315314
4 0.915 0.5630630630630631 0.062 0.12912912912912913
