4 0.35468750000000004 0.3967136150234742 0.390625 0.568075117370892
4 0.58125 0.3873239436619718 0.13125 0.24882629107981222
4 0.571875 0.5422535211267606 0.09375 0.1267605633802817
4 0.696875 0.5633802816901409 0.06875 0.1971830985915493
4 0.19687500000000002 0.7323943661971831 0.17500000000000002 0.15023474178403756
4 0.1 0.8591549295774648 0.17500000000000002 0.16901408450704225
4 0.215625 0.9272300469483569 0.15000000000000002 0.13615023474178403
4 0.40625 0.7699530516431925 0.06875 0.10328638497652583
4 0.49375 0.931924882629108 0.11875000000000001 0.1267605633802817
4 0.640625 0.8873239436619719 0.20625000000000002 0.215962441314554
4 0.6218750000000001 0.7065727699530516 0.10625000000000001 0.20187793427230047
4 0.8703125 0.8051643192488263 0.253125 0.38028169014084506
