4 0.2671875 0.8517699115044247 0.16562500000000002 0.22566371681415928
4 0.5296875 0.8141592920353982 0.203125 0.2743362831858407
4 0.8734375000000001 0.8561946902654867 0.209375 0.27876106194690264
4 0.1234375 0.665929203539823 0.140625 0.18141592920353983
4 0.09375 0.47345132743362833 0.14375000000000002 0.20353982300884954
4 0.3453125 0.5663716814159292 0.203125 0.3185840707964602
4 0.16875 0.08185840707964602 0.3375 0.16371681415929204
4 0.178125 0.24336283185840707 0.275 0.19469026548672566
4 0.2171875 0.3893805309734513 0.209375 0.17699115044247787
4 0.5359375000000001 0.13495575221238937 0.421875 0.26991150442477874
4 0.4390625 0.3561946902654867 0.22187500000000002 0.2168141592920354
4 0.5046875000000001 0.45353982300884954 0.12187500000000001 0.16371681415929204
4 0.671875 0.5575221238938053 0.35625 0.25663716814159293
4 0.7171875000000001 0.36504424778761063 0.340625 0.27876106194690264
4 0.8703125 0.2234513274336283 0.253125 0.3584070796460177
