4 0.20500000000000002 0.08858858858858859 0.126 0.17717717717717718
4 0.177 0.521021021021021 0.158 0.32732732732732733
4 0.03 0.1921921921921922 0.06 0.26426426426426425
4 0.049 0.8513513513513513 0.098 0.2912912912912913
4 0.032 0.5045045045045045 0.064 0.32432432432432434
4 0.06 0.6861861861861862 0.12 0.23723723723723725
4 0.211 0.8873873873873874 0.166 0.21921921921921922
4 0.277 0.5870870870870871 0.146 0.30930930930930933
4 0.455 0.7597597597597597 0.178 0.3363363363363363
4 0.307 0.3108108108108108 0.182 0.38738738738738737
4 0.439 0.23273273273273273 0.194 0.3153153153153153
4 0.606 0.14264264264264265 0.152 0.2852852852852853
4 0.516 0.5255255255255256 0.14400000000000002 0.21021021021021022
4 0.5700000000000001 0.36036036036036034 0.10400000000000001 0.2822822822822823
4 0.671 0.34234234234234234 0.11 0.29429429429429427
4 0.645 0.6906906906906907 0.154 0.32432432432432434
4 0.836 0.6516516516516516 0.136 0.32432432432432434
4 0.926 0.46546546546546547 0.132 0.27627627627627627
4 0.8260000000000001 0.9084084084084084 0.14400000000000002 0.17717717717717718
4 0.8190000000000001 0.36786786786786785 0.202 0.24924924924924924
