4 0.25625000000000003 0.3145539906103286 0.325 0.3192488262910798
4 0.051562500000000004 0.7042253521126761 0.065625 0.2347417840375587
4 0.18125000000000002 0.6455399061032864 0.05625 0.22065727699530516
4 0.32656250000000003 0.57981220657277 0.065625 0.22065727699530516
4 0.4375 0.6032863849765259 0.1375 0.3051643192488263
4 0.5750000000000001 0.3779342723004695 0.23125 0.35211267605633806
4 0.8984375 0.5938967136150235 0.12812500000000002 0.25821596244131456
4 0.6890625 0.57981220657277 0.059375000000000004 0.17370892018779344
4 0.753125 0.5727699530516432 0.05625 0.15023474178403756
4 0.7890625 0.3568075117370892 0.19687500000000002 0.3098591549295775
4 0.8671875 0.47417840375586856 0.178125 0.27230046948356806
