4 0.1203125 0.3873239436619718 0.12187500000000001 0.23943661971830987
4 0.22187500000000002 0.39906103286384975 0.1 0.215962441314554
4 0.134375 0.5352112676056339 0.1 0.15023474178403756
4 0.2078125 0.5892018779342724 0.09062500000000001 0.18309859154929578
4 0.24531250000000002 0.7183098591549296 0.140625 0.22535211267605634
4 0.465625 0.8708920187793427 0.15625 0.24882629107981222
4 0.4375 0.5727699530516432 0.1875 0.3568075117370892
4 0.56875 0.4295774647887324 0.09375 0.14553990610328638
4 0.61875 0.5446009389671361 0.09375 0.20657276995305165
4 0.6921875000000001 0.46009389671361506 0.09062500000000001 0.1784037558685446
4 0.7546875000000001 0.5962441314553991 0.084375 0.1971830985915493
4 0.8078125 0.8568075117370892 0.153125 0.24882629107981222
4 0.878125 0.5774647887323944 0.1375 0.26291079812206575
4 0.765625 0.34976525821596244 0.09375 0.19248826291079812
4 0.853125 0.4131455399061033 0.07500000000000001 0.16901408450704225
4 0.9359375000000001 0.4366197183098592 0.065625 0.14084507042253522
4 0.3984375 0.34507042253521125 0.109375 0.14553990610328638
4 0.5046875000000001 0.3544600938967136 0.078125 0.14553990610328638
4 0.45937500000000003 0.18309859154929578 0.1 0.18779342723004694
4 0.2765625 0.27699530516431925 0.140625 0.13145539906103287
4 0.3171875 0.46009389671361506 0.09062500000000001 0.1971830985915493
4 0.625 0.33098591549295775 0.18125000000000002 0.11737089201877934
4 0.65 0.24882629107981222 0.08125 0.10328638497652583
4 0.7562500000000001 0.1971830985915493 0.10625000000000001 0.14084507042253522
4 0.9515625000000001 0.23708920187793428 0.09062500000000001 0.15492957746478875
