4 0.052000000000000005 0.2222222222222222 0.10400000000000001 0.1981981981981982
4 0.126 0.22972972972972971 0.112 0.19519519519519518
4 0.07200000000000001 0.42042042042042044 0.14400000000000002 0.24624624624624625
4 0.044 0.7162162162162162 0.088 0.3213213213213213
4 0.20500000000000002 0.5570570570570571 0.182 0.2852852852852853
4 0.24 0.7687687687687688 0.212 0.3003003003003003
4 0.534 0.9459459459459459 0.308 0.1021021021021021
4 0.91 0.8318318318318318 0.176 0.3303303303303303
4 0.369 0.6051051051051051 0.162 0.2732732732732733
4 0.317 0.24174174174174173 0.23 0.2852852852852853
4 0.508 0.2012012012012012 0.132 0.1981981981981982
4 0.47700000000000004 0.36186186186186187 0.134 0.2132132132132132
4 0.456 0.7387387387387387 0.152 0.3123123123123123
4 0.5700000000000001 0.7102102102102102 0.148 0.30930930930930933
4 0.6940000000000001 0.7087087087087087 0.16 0.3003003003003003
4 0.5710000000000001 0.48648648648648646 0.214 0.25825825825825827
4 0.843 0.5795795795795796 0.31 0.3483483483483483
4 0.795 0.25075075075075076 0.406 0.36936936936936937
