4 0.0546875 0.8779342723004695 0.109375 0.2347417840375587
4 0.553125 0.8967136150234742 0.14375000000000002 0.1971830985915493
4 0.259375 0.5046948356807511 0.13125 0.26760563380281693
4 0.1859375 0.6173708920187794 0.109375 0.2112676056338028
4 0.33906250000000004 0.727699530516432 0.146875 0.3568075117370892
4 0.7296875 0.6525821596244131 0.12812500000000002 0.3004694835680751
4 0.7828125 0.5187793427230047 0.12812500000000002 0.2863849765258216
4 0.8203125 0.7253521126760564 0.109375 0.22065727699530516
4 0.9234375 0.7417840375586855 0.10312500000000001 0.2535211267605634
4 0.9609375 0.892018779342723 0.07187500000000001 0.20657276995305165
4 0.503125 0.6408450704225352 0.1625 0.3145539906103286
4 0.453125 0.4460093896713615 0.125 0.2347417840375587
4 0.5375 0.3685446009389671 0.10625000000000001 0.23004694835680753
4 0.915625 0.37089201877934275 0.09375 0.20657276995305165
4 0.70625 0.215962441314554 0.11875000000000001 0.2535211267605634
4 0.19062500000000002 0.05868544600938967 0.1 0.11737089201877934
4 0.30000000000000004 0.12441314553990611 0.08750000000000001 0.20187793427230047
4 0.40468750000000003 0.28169014084507044 0.16562500000000002 0.22535211267605634
4 0.5750000000000001 0.22065727699530516 0.08750000000000001 0.22535211267605634
4 0.5953125 0.1056338028169014 0.10312500000000001 0.2112676056338028
