4 0.547 0.8895522388059701 0.094 0.11343283582089553
4 0.585 0.5507462686567164 0.07 0.0626865671641791
4 0.418 0.591044776119403 0.064 0.07761194029850746
4 0.395 0.4671641791044776 0.05 0.05074626865671642
4 0.267 0.6283582089552239 0.066 0.08059701492537313
4 0.146 0.7044776119402986 0.076 0.08955223880597014
4 0.077 0.6388059701492538 0.054 0.05373134328358209
4 0.08700000000000001 0.6970149253731344 0.038 0.0626865671641791
4 0.08600000000000001 0.5343283582089552 0.044 0.04776119402985075
4 0.121 0.5582089552238806 0.046 0.041791044776119404
4 0.148 0.4925373134328358 0.032 0.041791044776119404
4 0.225 0.5134328358208955 0.042 0.04776119402985075
4 0.306 0.48208955223880595 0.044 0.06865671641791045
4 0.328 0.6477611940298508 0.052000000000000005 0.06567164179104477
4 0.024 0.5223880597014925 0.028 0.03582089552238806
4 0.459 0.5776119402985075 0.046 0.09253731343283582
4 0.508 0.48208955223880595 0.048 0.04477611940298507
4 0.5680000000000001 0.4746268656716418 0.048 0.05373134328358209
4 0.641 0.4492537313432836 0.042 0.04477611940298507
4 0.715 0.6044776119402985 0.054 0.06865671641791045
4 0.72 0.47313432835820896 0.036000000000000004 0.05074626865671642
4 0.713 0.7134328358208956 0.058 0.08955223880597014
4 0.784 0.753731343283582 0.076 0.08656716417910448
4 0.778 0.5283582089552239 0.04 0.03582089552238806
4 0.8150000000000001 0.5029850746268657 0.034 0.04477611940298507
4 0.835 0.4626865671641791 0.042 0.04776119402985075
4 0.8 0.5970149253731344 0.048 0.05373134328358209
4 0.8260000000000001 0.6686567164179105 0.056 0.07164179104477612
4 0.871 0.691044776119403 0.062 0.0746268656716418
4 0.936 0.6373134328358209 0.04 0.056716417910447764
4 0.9400000000000001 0.49850746268656715 0.092 0.1253731343283582
4 0.969 0.573134328358209 0.022 0.029850746268656716
4 0.981 0.6432835820895523 0.026000000000000002 0.04477611940298507
