4 0.078 0.484984984984985 0.156 0.7297297297297297
4 0.314 0.48348348348348347 0.252 0.4444444444444444
4 0.353 0.8093093093093093 0.23800000000000002 0.32732732732732733
4 0.138 0.6366366366366366 0.184 0.5585585585585585
4 0.466 0.3288288288288288 0.14400000000000002 0.33933933933933935
4 0.604 0.8813813813813813 0.128 0.23123123123123124
4 0.656 0.33183183183183185 0.23600000000000002 0.5675675675675675
4 0.8240000000000001 0.7447447447447447 0.34800000000000003 0.5045045045045045
4 0.867 0.4084084084084084 0.098 0.1981981981981982
4 0.9400000000000001 0.3483483483483483 0.116 0.21621621621621623
4 0.532 0.8243243243243243 0.088 0.17717717717717718
