4 0.069 0.7749244712990937 0.138 0.43202416918429004
4 0.254 0.8338368580060423 0.23600000000000002 0.32628398791540786
4 0.376 0.6782477341389728 0.08 0.13595166163141995
4 0.444 0.9108761329305136 0.188 0.17220543806646527
4 0.627 0.7598187311178247 0.106 0.10574018126888217
4 0.47400000000000003 0.6948640483383686 0.112 0.1933534743202417
4 0.6910000000000001 0.9335347432024169 0.08600000000000001 0.10876132930513595
4 0.543 0.5453172205438066 0.094 0.11178247734138973
4 0.253 0.40483383685800606 0.506 0.4169184290030212
4 0.9410000000000001 0.2824773413897281 0.114 0.32326283987915405
4 0.781 0.16012084592145015 0.10200000000000001 0.1027190332326284
4 0.084 0.14350453172205438 0.168 0.12386706948640483
4 0.183 0.04833836858006042 0.106 0.09667673716012085
4 0.54 0.05891238670694864 0.608 0.11782477341389729
4 0.323 0.17371601208459214 0.234 0.13595166163141995
