0 0.156 0.7865671641791044 0.16 0.27761194029850744
0 0.045 0.8701492537313433 0.09 0.18208955223880596
0 0.073 0.6761194029850747 0.134 0.17611940298507464
0 0.153 0.4791044776119403 0.162 0.1880597014925373
0 0.193 0.31044776119402984 0.126 0.16716417910447762
0 0.28500000000000003 0.4134328358208955 0.154 0.21194029850746268
0 0.33 0.5 0.128 0.20597014925373133
0 0.426 0.24477611940298508 0.152 0.18507462686567164
0 0.518 0.04776119402985075 0.136 0.0955223880597015
0 0.509 0.1253731343283582 0.146 0.10746268656716418
0 0.679 0.05074626865671642 0.218 0.10149253731343284
0 0.457 0.5208955223880597 0.17400000000000002 0.2537313432835821
0 0.399 0.7805970149253731 0.146 0.2656716417910448
0 0.495 0.6955223880597015 0.19 0.32238805970149254
0 0.597 0.8253731343283582 0.15 0.27164179104477615
0 0.552 0.5223880597014925 0.168 0.2208955223880597
0 0.602 0.408955223880597 0.14400000000000002 0.208955223880597
0 0.736 0.3164179104477612 0.20400000000000001 0.23283582089552238
0 0.847 0.2373134328358209 0.042 0.06865671641791045
0 0.936 0.5313432835820896 0.048 0.07164179104477612
0 0.9520000000000001 0.8537313432835821 0.044 0.07164179104477612
