4 0.23958333333333334 0.9395833333333333 0.19583333333333333 0.1125
4 0.15208333333333332 0.8208333333333333 0.1625 0.15
4 0.26458333333333334 0.7395833333333334 0.1375 0.12083333333333333
4 0.36666666666666664 0.8479166666666667 0.10833333333333334 0.12916666666666665
4 0.4375 0.8270833333333333 0.14166666666666666 0.1375
4 0.5145833333333333 0.7958333333333333 0.1125 0.11666666666666667
4 0.69375 0.8645833333333334 0.17916666666666667 0.15416666666666667
4 0.8291666666666666 0.7229166666666667 0.10833333333333334 0.12916666666666665
4 0.93125 0.7875 0.12916666666666665 0.11666666666666667
4 0.9208333333333333 0.9541666666666666 0.15 0.08333333333333333
4 0.9666666666666667 0.9 0.058333333333333334 0.1
4 0.94375 0.7083333333333334 0.10416666666666667 0.1
4 0.45625 0.64375 0.12916666666666665 0.1375
4 0.6729166666666666 0.7020833333333333 0.1125 0.15416666666666667
4 0.5916666666666667 0.65 0.1 0.1
4 0.7229166666666667 0.5 0.09583333333333333 0.08333333333333333
4 0.8479166666666667 0.5416666666666666 0.10416666666666667 0.075
4 0.9041666666666667 0.6020833333333333 0.1 0.09583333333333333
4 0.07916666666666666 0.5479166666666666 0.15833333333333333 0.15416666666666667
4 0.08958333333333333 0.42291666666666666 0.1125 0.0875
4 0.20833333333333334 0.44375 0.1 0.09583333333333333
4 0.29375 0.4479166666666667 0.0875 0.09583333333333333
4 0.3145833333333333 0.5208333333333334 0.0875 0.075
4 0.39375 0.5375 0.0875 0.09166666666666666
4 0.4354166666666667 0.45625 0.15416666666666667 0.10416666666666667
4 0.55625 0.4666666666666667 0.07916666666666666 0.06666666666666667
4 0.63125 0.3958333333333333 0.17083333333333334 0.1
4 0.7416666666666667 0.43333333333333335 0.08333333333333333 0.075
4 0.11666666666666667 0.30833333333333335 0.10833333333333334 0.08333333333333333
4 0.07291666666666667 0.22083333333333333 0.0875 0.06666666666666667
4 0.31875 0.29583333333333334 0.20416666666666666 0.175
4 0.11875 0.07291666666666667 0.2375 0.14583333333333334
4 0.16875 0.17916666666666667 0.1375 0.08333333333333333
4 0.3854166666666667 0.10625 0.30416666666666664 0.2125
4 0.46249999999999997 0.29583333333333334 0.125 0.1
4 0.525 0.22916666666666666 0.1 0.075
4 0.63125 0.19166666666666665 0.12916666666666665 0.13333333333333333
4 0.6291666666666667 0.33541666666666664 0.20833333333333334 0.07916666666666666
4 0.76875 0.058333333333333334 0.45416666666666666 0.11666666666666667
4 0.8375 0.19791666666666666 0.31666666666666665 0.1875
4 0.8854166666666666 0.33958333333333335 0.1375 0.0875
4 0.9479166666666666 0.44375 0.07083333333333333 0.07083333333333333
4 0.9416666666666667 0.5354166666666667 0.058333333333333334 0.0625
