0 0.067 0.5830815709969789 0.134 0.42900302114803623
0 0.125 0.8564954682779456 0.134 0.09365558912386707
0 0.212 0.9305135951661632 0.052000000000000005 0.054380664652567974
0 0.23600000000000002 0.6299093655589124 0.20400000000000001 0.3716012084592145
0 0.266 0.8459214501510574 0.064 0.06646525679758308
0 0.489 0.6812688821752266 0.298 0.31722054380664655
0 0.444 0.8670694864048338 0.048 0.07854984894259819
0 0.594 0.9546827794561934 0.052000000000000005 0.07854984894259819
0 0.644 0.8459214501510574 0.052000000000000005 0.06646525679758308
0 0.628 0.9018126888217523 0.07200000000000001 0.0513595166163142
0 0.683 0.7734138972809668 0.066 0.060422960725075525
0 0.675 0.48489425981873113 0.106 0.08157099697885196
0 0.668 0.5755287009063444 0.06 0.03927492447129909
0 0.705 0.6737160120845922 0.126 0.12084592145015105
0 0.849 0.904833836858006 0.298 0.18429003021148035
0 0.884 0.7326283987915407 0.228 0.17220543806646527
0 0.741 0.7734138972809668 0.058 0.08459214501510574
