0 0.169 0.5317220543806647 0.234 0.2054380664652568
0 0.16 0.10725075528700906 0.064 0.0755287009063444
0 0.293 0.11782477341389729 0.09 0.10876132930513595
0 0.423 0.045317220543806644 0.098 0.09063444108761329
0 0.612 0.08157099697885196 0.128 0.16314199395770393
0 0.857 0.09063444108761329 0.078 0.13897280966767372
0 0.895 0.229607250755287 0.058 0.07854984894259819
0 0.854 0.2990936555891239 0.136 0.18731117824773413
0 0.846 0.4833836858006042 0.084 0.12084592145015105
0 0.966 0.5302114803625377 0.064 0.09969788519637462
0 0.9430000000000001 0.6601208459214502 0.11 0.17220543806646527
0 0.091 0.6616314199395771 0.17400000000000002 0.07854984894259819
0 0.257 0.7900302114803626 0.11 0.11178247734138973
0 0.372 0.6737160120845922 0.148 0.1268882175226586
0 0.5 0.6948640483383686 0.07200000000000001 0.13897280966767372
0 0.47000000000000003 0.7628398791540786 0.084 0.1299093655589124
0 0.537 0.9018126888217523 0.186 0.1661631419939577
0 0.381 0.5483383685800605 0.098 0.12386706948640483
0 0.662 0.7915407854984894 0.18 0.14501510574018128
0 0.802 0.8217522658610272 0.148 0.07854984894259819
0 0.6920000000000001 0.6978851963746223 0.076 0.1148036253776435
0 0.8150000000000001 0.6978851963746223 0.114 0.09667673716012085
