3 0.6312500000000001 0.6041666666666666 0.08750000000000001 0.125
3 0.5515625000000001 0.5729166666666666 0.07187500000000001 0.12916666666666665
3 0.8203125 0.63125 0.07187500000000001 0.12916666666666665
3 0.86875 0.5583333333333333 0.08750000000000001 0.10833333333333334
3 0.9593750000000001 0.5520833333333334 0.07500000000000001 0.09583333333333333
3 0.7312500000000001 0.5666666666666667 0.07500000000000001 0.1
3 0.0484375 0.5958333333333333 0.096875 0.16666666666666666
3 0.23593750000000002 0.5083333333333333 0.040625 0.1
3 0.15156250000000002 0.5895833333333333 0.109375 0.17916666666666667
3 0.27968750000000003 0.5625 0.040625 0.1
3 0.321875 0.55 0.043750000000000004 0.075
3 0.40156250000000004 0.5625 0.09062500000000001 0.11666666666666667
3 0.47968750000000004 0.5604166666666667 0.07187500000000001 0.14583333333333334
