4 0.1875 0.6863207547169811 0.375 0.23113207547169812
4 0.540625 0.660377358490566 0.33125000000000004 0.1792452830188679
4 0.44843750000000004 0.9693396226415094 0.12187500000000001 0.051886792452830184
4 0.6359375 0.9481132075471698 0.265625 0.09433962264150943
4 0.61875 0.8419811320754716 0.14375000000000002 0.1179245283018868
4 0.7578125 0.8278301886792453 0.134375 0.15566037735849056
4 0.7703125000000001 0.6768867924528301 0.140625 0.19339622641509432
4 0.453125 0.3891509433962264 0.4625 0.17452830188679244
4 0.7921875 0.3938679245283019 0.215625 0.12735849056603774
4 0.9625 0.3938679245283019 0.06875 0.12735849056603774
