4 0.793 0.6054216867469879 0.094 0.09036144578313253
4 0.721 0.6460843373493976 0.062 0.10542168674698796
4 0.644 0.674698795180723 0.096 0.11445783132530121
4 0.599 0.7936746987951807 0.138 0.16566265060240964
4 0.41400000000000003 0.911144578313253 0.116 0.1716867469879518
4 0.512 0.8900602409638555 0.10400000000000001 0.1957831325301205
4 0.047 0.6882530120481928 0.094 0.09337349397590362
4 0.156 0.6551204819277109 0.132 0.09939759036144578
4 0.281 0.621987951807229 0.11800000000000001 0.08132530120481928
4 0.422 0.5993975903614458 0.176 0.060240963855421686
4 0.626 0.6039156626506025 0.20800000000000002 0.057228915662650606
