4 0.042 0.8768768768768769 0.07200000000000001 0.13213213213213212
4 0.123 0.9534534534534534 0.078 0.08708708708708708
4 0.158 0.7927927927927928 0.068 0.15015015015015015
4 0.313 0.9039039039039038 0.054 0.10810810810810811
4 0.199 0.7582582582582582 0.03 0.08108108108108109
4 0.023 0.5315315315315315 0.046 0.10810810810810811
4 0.123 0.46996996996997 0.062 0.09309309309309309
4 0.14100000000000001 0.38288288288288286 0.054 0.08108108108108109
4 0.045 0.47597597597597596 0.046 0.0990990990990991
4 0.038 0.36786786786786785 0.064 0.1111111111111111
4 0.201 0.3228228228228228 0.05 0.1111111111111111
4 0.23900000000000002 0.5930930930930931 0.058 0.11711711711711711
4 0.258 0.6951951951951952 0.06 0.08108108108108109
4 0.31 0.6516516516516516 0.048 0.0960960960960961
4 0.396 0.7102102102102102 0.048 0.0990990990990991
4 0.419 0.5975975975975976 0.054 0.1021021021021021
4 0.5630000000000001 0.7957957957957957 0.062 0.1021021021021021
4 0.514 0.9369369369369369 0.056 0.12012012012012012
4 0.664 0.7897897897897898 0.064 0.12612612612612611
4 0.762 0.8648648648648649 0.076 0.12012012012012012
4 0.92 0.8318318318318318 0.052000000000000005 0.0960960960960961
4 0.964 0.7597597597597597 0.068 0.12612612612612611
4 0.558 0.6231231231231231 0.068 0.13513513513513514
4 0.529 0.5045045045045045 0.05 0.0960960960960961
4 0.5670000000000001 0.4774774774774775 0.042 0.09009009009009009
4 0.7010000000000001 0.7087087087087087 0.07 0.10810810810810811
4 0.687 0.6096096096096096 0.058 0.0960960960960961
4 0.796 0.5705705705705706 0.064 0.09009009009009009
4 0.929 0.5690690690690691 0.106 0.11711711711711711
4 0.89 0.4369369369369369 0.048 0.0990990990990991
4 0.577 0.2882882882882883 0.082 0.10810810810810811
4 0.296 0.5285285285285285 0.048 0.07807807807807808
4 0.363 0.45645645645645644 0.082 0.13213213213213212
4 0.425 0.36936936936936937 0.082 0.0960960960960961
4 0.342 0.3153153153153153 0.076 0.16816816816816815
4 0.506 0.26576576576576577 0.044 0.09309309309309309
4 0.6940000000000001 0.39789789789789787 0.036000000000000004 0.07507507507507508
4 0.785 0.3993993993993994 0.094 0.10810810810810811
4 0.848 0.3588588588588589 0.04 0.08108108108108109
4 0.737 0.04954954954954955 0.066 0.0990990990990991
4 0.804 0.12462462462462462 0.084 0.23723723723723725
4 0.917 0.16066066066066065 0.094 0.15315315315315314
4 0.676 0.22522522522522523 0.076 0.17417417417417416
4 0.726 0.17867867867867868 0.036000000000000004 0.07507507507507508
4 0.591 0.0960960960960961 0.066 0.13813813813813813
4 0.166 0.13363363363363362 0.14400000000000002 0.23123123123123124
4 0.073 0.14864864864864866 0.038 0.06906906906906907
4 0.271 0.18468468468468469 0.046 0.0990990990990991
4 0.28700000000000003 0.04504504504504504 0.122 0.09009009009009009
4 0.34900000000000003 0.0945945945945946 0.026000000000000002 0.057057057057057055
4 0.372 0.15915915915915915 0.04 0.07807807807807808
4 0.41100000000000003 0.11261261261261261 0.038 0.08108108108108109
4 0.484 0.14864864864864866 0.08 0.12312312312312312
4 0.393 0.046546546546546545 0.066 0.09309309309309309
4 0.508 0.03303303303303303 0.04 0.06606606606606606
4 0.662 0.052552552552552555 0.068 0.10510510510510511
