2 0.146875 0.5708333333333333 0.29375 0.7
2 0.41718750000000004 0.45208333333333334 0.234375 0.20416666666666666
2 0.6671875 0.33541666666666664 0.278125 0.45416666666666666
2 0.9171875 0.5041666666666667 0.15937500000000002 0.15833333333333333
2 0.6359375 0.6791666666666667 0.290625 0.225
2 0.8890625000000001 0.7520833333333333 0.215625 0.2375
2 0.5765625 0.8854166666666666 0.453125 0.22083333333333333
2 0.4 0.7666666666666666 0.08125 0.06666666666666667
2 0.34218750000000003 0.8166666666666667 0.059375000000000004 0.075
2 0.30781250000000004 0.9583333333333334 0.07187500000000001 0.075
