0 0.34600000000000003 0.6801801801801802 0.4 0.4294294294294294
0 0.20400000000000001 0.5690690690690691 0.296 0.2072072072072072
0 0.404 0.4174174174174174 0.26 0.22822822822822822
0 0.635 0.4924924924924925 0.374 0.3303303303303303
0 0.771 0.6411411411411412 0.214 0.35735735735735735
0 0.861 0.49099099099099097 0.25 0.3333333333333333
0 0.137 0.46546546546546547 0.23 0.16816816816816815
0 0.308 0.3258258258258258 0.28400000000000003 0.2132132132132132
0 0.26 0.15915915915915915 0.28400000000000003 0.18018018018018017
0 0.499 0.18468468468468469 0.278 0.2012012012012012
