0 0.117 0.2057057057057057 0.234 0.4114114114114114
0 0.129 0.6561561561561562 0.258 0.5915915915915916
0 0.45 0.487987987987988 0.504 0.6396396396396397
0 0.38 0.17567567567567569 0.292 0.35135135135135137
0 0.664 0.21771771771771772 0.304 0.43543543543543545
0 0.842 0.23723723723723725 0.312 0.4744744744744745
0 0.455 0.8348348348348348 0.338 0.32432432432432434
0 0.201 0.8918918918918919 0.21 0.21021021021021022
0 0.67 0.7657657657657657 0.28 0.34234234234234234
0 0.737 0.524024024024024 0.214 0.34534534534534533
0 0.877 0.5570570570570571 0.242 0.35135135135135137
0 0.788 0.9039039039039038 0.42 0.18618618618618618
