0 0.05 0.7582159624413146 0.1 0.39906103286384975
0 0.503125 0.38028169014084506 0.31875000000000003 0.46009389671361506
0 0.45625000000000004 0.7605633802816901 0.34375 0.4694835680751174
0 0.325 0.5516431924882629 0.24375000000000002 0.27699530516431925
0 0.27968750000000003 0.4765258215962441 0.078125 0.11737089201877934
0 0.80625 0.7136150234741784 0.09375 0.1596244131455399
0 0.8718750000000001 0.7887323943661972 0.08125 0.11267605633802817
0 0.8187500000000001 0.9107981220657277 0.08125 0.10328638497652583
0 0.6625000000000001 0.5093896713615024 0.10625000000000001 0.15492957746478875
0 0.8 0.48826291079812206 0.1 0.14084507042253522
0 0.3953125 0.2183098591549296 0.084375 0.11737089201877934
0 0.44843750000000004 0.3380281690140845 0.07187500000000001 0.11267605633802817
0 0.584375 0.03990610328638498 0.08750000000000001 0.07981220657276995
0 0.7265625 0.23004694835680753 0.12812500000000002 0.18779342723004694
0 0.6156250000000001 0.13380281690140847 0.08125 0.107981220657277
0 0.8812500000000001 0.06338028169014084 0.1 0.1267605633802817
0 0.9140625 0.22769953051643194 0.16562500000000002 0.22065727699530516
