0 0.10312500000000001 0.6354166666666666 0.09375 0.10416666666666667
0 0.33437500000000003 0.5020833333333333 0.15000000000000002 0.17916666666666667
0 0.32656250000000003 0.74375 0.12812500000000002 0.15416666666666667
0 0.4265625 0.8854166666666666 0.134375 0.17916666666666667
0 0.8562500000000001 0.8958333333333334 0.17500000000000002 0.18333333333333332
0 0.7609375 0.8145833333333333 0.10312500000000001 0.12083333333333333
0 0.7046875 0.66875 0.109375 0.12916666666666665
0 0.56875 0.7166666666666667 0.1875 0.225
0 0.5 0.4041666666666667 0.1 0.14166666666666666
0 0.7640625000000001 0.28541666666666665 0.10312500000000001 0.12083333333333333
0 0.775 0.4479166666666667 0.06875 0.07916666666666666
0 0.8421875000000001 0.4166666666666667 0.065625 0.075
0 0.9296875 0.39166666666666666 0.065625 0.06666666666666667
0 0.8609375 0.5208333333333334 0.07187500000000001 0.1
0 0.6687500000000001 0.40625 0.05625 0.07083333333333333
0 0.5906250000000001 0.4375 0.06875 0.09166666666666666
0 0.45937500000000003 0.45416666666666666 0.08125 0.09166666666666666
0 0.59375 0.5166666666666666 0.0625 0.08333333333333333
0 0.4578125 0.7520833333333333 0.109375 0.17083333333333334
0 0.49531250000000004 0.28541666666666665 0.065625 0.0625
