1 0.28125 0.6854166666666667 0.45 0.5541666666666667
1 0.7359375 0.6270833333333333 0.153125 0.17916666666666667
1 0.8734375000000001 0.8770833333333333 0.15937500000000002 0.1875
1 0.6765625000000001 0.07291666666666667 0.115625 0.14583333333333334
1 0.39375000000000004 0.19166666666666665 0.13125 0.14166666666666666
1 0.21250000000000002 0.35833333333333334 0.08125 0.075
1 0.5375 0.2875 0.05625 0.06666666666666667
1 0.64375 0.2791666666666667 0.06875 0.08333333333333333
1 0.6015625 0.22916666666666666 0.040625 0.058333333333333334
1 0.61875 0.17083333333333334 0.05 0.058333333333333334
1 0.6546875000000001 0.17291666666666666 0.040625 0.05416666666666667
1 0.6984375 0.29583333333333334 0.040625 0.058333333333333334
1 0.828125 0.29791666666666666 0.05 0.0625
