2 0.509 0.53003003003003 0.314 0.38738738738738737
2 0.668 0.7597597597597597 0.252 0.4444444444444444
2 0.851 0.7687687687687688 0.294 0.45645645645645644
2 0.46 0.8498498498498498 0.248 0.29429429429429427
2 0.244 0.6081081081081081 0.292 0.4894894894894895
2 0.578 0.23573573573573572 0.248 0.35135135135135137
2 0.863 0.3078078078078078 0.27 0.36336336336336333
2 0.755 0.47147147147147145 0.202 0.22822822822822822
2 0.754 0.2147147147147147 0.188 0.35135135135135137
2 0.33 0.23123123123123124 0.244 0.2882882882882883
2 0.203 0.13813813813813813 0.242 0.27627627627627627
2 0.10300000000000001 0.36936936936936937 0.202 0.25225225225225223
2 0.184 0.8903903903903904 0.268 0.2132132132132132
