0 0.11458333333333333 0.10833333333333334 0.22916666666666666 0.21666666666666667
0 0.3458333333333333 0.0875 0.3 0.175
0 0.8458333333333333 0.11458333333333333 0.3 0.22916666666666666
0 0.5979166666666667 0.13125 0.19583333333333333 0.19583333333333333
0 0.13125 0.3229166666666667 0.2625 0.24583333333333332
0 0.0875 0.5666666666666667 0.175 0.30833333333333335
0 0.16666666666666666 0.5145833333333333 0.2 0.20416666666666666
0 0.2916666666666667 0.3729166666666667 0.175 0.2708333333333333
0 0.42083333333333334 0.2833333333333333 0.275 0.2
0 0.7729166666666667 0.3208333333333333 0.4458333333333333 0.24166666666666667
0 0.4583333333333333 0.5875 0.3833333333333333 0.31666666666666665
0 0.20625 0.7020833333333333 0.20416666666666666 0.1625
0 0.17916666666666667 0.84375 0.19166666666666665 0.17083333333333334
0 0.32916666666666666 0.85 0.31666666666666665 0.26666666666666666
0 0.5916666666666667 0.7854166666666667 0.2833333333333333 0.2875
0 0.8104166666666667 0.7770833333333333 0.37083333333333335 0.4375
