0 0.109375 0.15625 0.11875000000000001 0.1607142857142857
0 0.08281250000000001 0.3214285714285714 0.153125 0.17857142857142855
0 0.0484375 0.9263392857142857 0.096875 0.13839285714285712
0 0.3375 0.19642857142857142 0.19375 0.2589285714285714
0 0.609375 0.16294642857142858 0.2 0.24553571428571427
0 0.7421875 0.08258928571428571 0.16562500000000002 0.16517857142857142
0 0.8234375 0.1919642857142857 0.134375 0.20535714285714285
0 0.9437500000000001 0.44866071428571425 0.10625000000000001 0.20982142857142855
0 0.75 0.40848214285714285 0.17500000000000002 0.18303571428571427
0 0.7406250000000001 0.5267857142857143 0.14375000000000002 0.14285714285714285
0 0.4078125 0.4508928571428571 0.19062500000000002 0.26785714285714285
0 0.11093750000000001 0.6674107142857143 0.16562500000000002 0.20982142857142855
0 0.1625 0.5892857142857143 0.125 0.14285714285714285
0 0.1953125 0.7254464285714285 0.16562500000000002 0.18303571428571427
0 0.19062500000000002 0.8526785714285714 0.1375 0.16964285714285712
0 0.51875 0.5178571428571428 0.1625 0.2232142857142857
0 0.44375000000000003 0.6026785714285714 0.125 0.11607142857142856
0 0.42500000000000004 0.8258928571428571 0.2 0.2232142857142857
0 0.55 0.8236607142857142 0.1625 0.23660714285714285
0 0.6000000000000001 0.7544642857142857 0.14375000000000002 0.20535714285714285
0 0.89375 0.7321428571428571 0.15000000000000002 0.1875
0 0.821875 0.8727678571428571 0.15625 0.1919642857142857
0 0.9328125 0.8526785714285714 0.12812500000000002 0.16964285714285712
0 0.9671875000000001 0.7946428571428571 0.059375000000000004 0.17857142857142855
0 0.9187500000000001 0.9575892857142857 0.15625 0.07589285714285714
