0 0.3860759493670886 0.14166666666666666 0.2911392405063291 0.19166666666666665
0 0.5126582278481012 0.24375 0.17721518987341772 0.12083333333333333
0 0.8386075949367089 0.17291666666666666 0.2848101265822785 0.2125
0 0.7943037974683544 0.3125 0.25949367088607594 0.125
0 0.12341772151898733 0.3 0.24683544303797467 0.15
0 0.4050632911392405 0.42291666666666666 0.25316455696202533 0.20416666666666666
0 0.2120253164556962 0.5208333333333334 0.2088607594936709 0.13333333333333333
0 0.7056962025316456 0.425 0.2721518987341772 0.13333333333333333
0 0.7310126582278481 0.53125 0.2974683544303797 0.20416666666666666
0 0.2753164556962025 0.8624999999999999 0.33544303797468356 0.20833333333333334
0 0.5822784810126582 0.8416666666666667 0.20253164556962025 0.16666666666666666
0 0.75 0.7541666666666667 0.22151898734177214 0.19166666666666665
0 0.11708860759493671 0.9708333333333333 0.23417721518987342 0.05
