0 0.05625 0.3902877697841727 0.1125 0.09712230215827339
0 0.259375 0.16007194244604317 0.11875000000000001 0.10431654676258993
0 0.3484375 0.053956834532374105 0.12187500000000001 0.10791366906474821
0 0.521875 0.09892086330935253 0.16875 0.1474820143884892
0 0.3640625 0.2751798561151079 0.134375 0.1474820143884892
0 0.1953125 0.7050359712230216 0.10312500000000001 0.10791366906474821
0 0.3171875 0.6852517985611511 0.146875 0.15467625899280577
0 0.3765625 0.45323741007194246 0.12812500000000002 0.1366906474820144
0 0.48281250000000003 0.25539568345323743 0.10312500000000001 0.08633093525179857
0 0.515625 0.39928057553956836 0.14375000000000002 0.14388489208633093
0 0.5328125 0.5143884892086331 0.109375 0.10791366906474821
0 0.6671875 0.6654676258992807 0.15937500000000002 0.15827338129496404
0 0.7125 0.7913669064748202 0.11875000000000001 0.09352517985611511
0 0.915625 0.8974820143884893 0.1625 0.1474820143884892
0 0.65 0.3057553956834533 0.2 0.1510791366906475
0 0.7796875000000001 0.41906474820143885 0.140625 0.12589928057553956
0 0.7984375 0.5323741007194245 0.109375 0.10071942446043167
0 0.9281250000000001 0.5431654676258993 0.1375 0.12949640287769784
0 0.6375000000000001 0.17266187050359713 0.125 0.09352517985611511
