3 0.161 0.44144144144144143 0.162 0.2222222222222222
3 0.429 0.5195195195195195 0.106 0.07807807807807808
3 0.604 0.527027027027027 0.224 0.13513513513513514
3 0.755 0.43243243243243246 0.094 0.2222222222222222
3 0.895 0.37537537537537535 0.20600000000000002 0.3483483483483483
3 0.894 0.6801801801801802 0.088 0.06306306306306306
3 0.874 0.5630630630630631 0.248 0.08708708708708708
3 0.021 0.5375375375375375 0.042 0.12612612612612611
3 0.299 0.49099099099099097 0.078 0.12312312312312312
3 0.352 0.5285285285285285 0.044 0.1021021021021021
