3 0.111 0.8303303303303303 0.222 0.3333333333333333
3 0.497 0.44594594594594594 0.99 0.15315315315315314
3 0.417 0.5075075075075075 0.062 0.07807807807807808
3 0.367 0.6171171171171171 0.058 0.09309309309309309
3 0.34700000000000003 0.7627627627627628 0.106 0.15615615615615616
3 0.14300000000000002 0.5840840840840841 0.074 0.0990990990990991
3 0.037 0.6216216216216216 0.074 0.16816816816816815
3 0.084 0.5915915915915916 0.04 0.07807807807807808
3 0.79 0.6396396396396397 0.092 0.11411411411411411
3 0.928 0.8633633633633634 0.14 0.26726726726726724
