0 0.785 0.23873873873873874 0.122 0.12312312312312312
0 0.586 0.25825825825825827 0.092 0.1021021021021021
0 0.404 0.2822822822822823 0.088 0.09009009009009009
0 0.465 0.31681681681681684 0.082 0.08708708708708708
0 0.497 0.27177177177177175 0.082 0.09309309309309309
0 0.203 0.3948948948948949 0.10200000000000001 0.09309309309309309
0 0.324 0.4069069069069069 0.096 0.1111111111111111
0 0.391 0.37237237237237236 0.08600000000000001 0.08408408408408408
0 0.47300000000000003 0.3888888888888889 0.126 0.1111111111111111
0 0.168 0.5930930930930931 0.12 0.13513513513513514
0 0.278 0.596096096096096 0.108 0.10510510510510511
0 0.329 0.5375375375375375 0.11800000000000001 0.13213213213213212
0 0.578 0.5705705705705706 0.116 0.12612612612612611
0 0.683 0.41291291291291293 0.15 0.14714714714714713
0 0.685 0.33483483483483484 0.10200000000000001 0.08708708708708708
0 0.056 0.8303303303303303 0.112 0.12312312312312312
0 0.112 0.9369369369369369 0.1 0.12012012012012012
0 0.198 0.8798798798798799 0.1 0.12012012012012012
0 0.226 0.7492492492492493 0.28400000000000003 0.24324324324324323
0 0.641 0.5195195195195195 0.226 0.1981981981981982
0 0.438 0.7072072072072072 0.164 0.17717717717717718
0 0.846 0.6756756756756757 0.076 0.08408408408408408
0 0.724 0.6576576576576576 0.116 0.14414414414414414
0 0.617 0.6846846846846847 0.09 0.08408408408408408
0 0.7010000000000001 0.7642642642642643 0.166 0.2012012012012012
0 0.9590000000000001 0.6456456456456456 0.078 0.10810810810810811
0 0.561 0.8873873873873874 0.31 0.2132132132132132
0 0.885 0.8213213213213213 0.226 0.35135135135135137
