3 0.2609375 0.670774647887324 0.12187500000000001 0.13732394366197184
3 0.046875 0.051056338028169015 0.07500000000000001 0.10211267605633803
3 0.096875 0.12323943661971831 0.07500000000000001 0.07746478873239437
3 0.7125 0.19190140845070422 0.09375 0.12323943661971831
3 0.9234375 0.3380281690140845 0.10312500000000001 0.1267605633802817
3 0.8328125000000001 0.10211267605633803 0.065625 0.1056338028169014
3 0.6359375 0.0897887323943662 0.065625 0.08802816901408451
3 0.403125 0.5299295774647887 0.08750000000000001 0.13732394366197184
3 0.58125 0.4454225352112676 0.06875 0.13732394366197184
3 0.565625 0.6549295774647887 0.0625 0.11267605633802817
3 0.0890625 0.7517605633802817 0.084375 0.08098591549295775
3 0.19062500000000002 0.5369718309859155 0.0625 0.10211267605633803
3 0.39375000000000004 0.27992957746478875 0.07500000000000001 0.13028169014084506
3 0.2671875 0.06514084507042253 0.27187500000000003 0.13028169014084506
3 0.340625 0.1971830985915493 0.043750000000000004 0.08450704225352113
3 0.7109375 0.04401408450704226 0.078125 0.08802816901408451
3 0.7921875 0.045774647887323945 0.084375 0.09154929577464789
