2 0.121 0.2573333333333333 0.242 0.5146666666666666
2 0.40900000000000003 0.12933333333333333 0.25 0.25866666666666666
2 0.628 0.16 0.196 0.2773333333333333
2 0.789 0.3973333333333333 0.218 0.29333333333333333
2 0.157 0.696 0.314 0.4106666666666667
2 0.395 0.856 0.35000000000000003 0.2826666666666667
2 0.34700000000000003 0.3813333333333333 0.28600000000000003 0.352
2 0.434 0.6666666666666666 0.272 0.384
2 0.743 0.8626666666666667 0.326 0.2693333333333333
2 0.5650000000000001 0.3373333333333333 0.21 0.2693333333333333
2 0.681 0.5973333333333333 0.306 0.432
2 0.893 0.6586666666666666 0.21 0.30933333333333335
