3 0.36666666666666664 0.17916666666666667 0.15 0.23333333333333334
3 0.27708333333333335 0.3208333333333333 0.07916666666666666 0.16666666666666666
3 0.5229166666666667 0.3125 0.17916666666666667 0.18333333333333332
3 0.5916666666666667 0.15 0.15 0.16666666666666666
3 0.6979166666666666 0.3229166666666667 0.22083333333333333 0.2875
3 0.5416666666666666 0.5708333333333333 0.14166666666666666 0.14166666666666666
3 0.5041666666666667 0.475 0.20833333333333334 0.15
3 0.2875 0.49374999999999997 0.20833333333333334 0.20416666666666666
3 0.4166666666666667 0.7270833333333333 0.11666666666666667 0.1625
3 0.6604166666666667 0.8895833333333333 0.17083333333333334 0.2125
3 0.80625 0.5979166666666667 0.07916666666666666 0.14583333333333334
