4 0.262 0.7417417417417418 0.324 0.3663663663663664
4 0.803 0.8303303303303303 0.28200000000000003 0.3333333333333333
4 0.051000000000000004 0.5405405405405406 0.10200000000000001 0.32432432432432434
4 0.23700000000000002 0.3708708708708709 0.29 0.35135135135135137
4 0.431 0.38288288288288286 0.20600000000000002 0.3033033033033033
4 0.595 0.4954954954954955 0.28600000000000003 0.34234234234234234
4 0.724 0.2987987987987988 0.316 0.5255255255255256
4 0.858 0.10510510510510511 0.188 0.21021021021021022
4 0.082 0.1021021021021021 0.164 0.2042042042042042
4 0.302 0.09009009009009009 0.23600000000000002 0.18018018018018017
4 0.546 0.057057057057057055 0.232 0.11411411411411411
