4 0.08700000000000001 0.38738738738738737 0.098 0.13213213213213212
4 0.131 0.28378378378378377 0.08600000000000001 0.1111111111111111
4 0.201 0.2807807807807808 0.082 0.12312312312312312
4 0.28800000000000003 0.8288288288288288 0.152 0.17417417417417416
4 0.502 0.48648648648648646 0.112 0.14414414414414414
4 0.382 0.4039039039039039 0.1 0.16516516516516516
4 0.405 0.26726726726726724 0.074 0.1021021021021021
4 0.5650000000000001 0.3333333333333333 0.08600000000000001 0.11411411411411411
4 0.648 0.35585585585585583 0.088 0.12912912912912913
4 0.653 0.2012012012012012 0.074 0.12012012012012012
4 0.517 0.26126126126126126 0.074 0.10810810810810811
4 0.548 0.22822822822822822 0.07200000000000001 0.11411411411411411
4 0.483 0.6516516516516516 0.094 0.13213213213213212
4 0.531 0.7117117117117117 0.098 0.12612612612612611
4 0.636 0.8108108108108109 0.092 0.15015015015015015
4 0.683 0.7417417417417418 0.10200000000000001 0.13213213213213212
4 0.66 0.6546546546546547 0.164 0.14414414414414414
4 0.964 0.8978978978978979 0.068 0.16216216216216217
4 0.9450000000000001 0.7612612612612613 0.106 0.14714714714714713
4 0.842 0.481981981981982 0.07200000000000001 0.08708708708708708
4 0.892 0.6306306306306306 0.088 0.13213213213213212
4 0.9570000000000001 0.6816816816816816 0.082 0.12012012012012012
4 0.8230000000000001 0.16966966966966968 0.08600000000000001 0.12312312312312312
4 0.931 0.24774774774774774 0.09 0.11711711711711711
4 0.063 0.06456456456456457 0.07 0.1111111111111111
4 0.383 0.046546546546546545 0.074 0.09309309309309309
4 0.448 0.052552552552552555 0.056 0.08108108108108109
4 0.512 0.05405405405405406 0.076 0.10810810810810811
4 0.716 0.08408408408408408 0.048 0.07207207207207207
