3 0.355 0.713855421686747 0.08600000000000001 0.13253012048192772
3 0.457 0.4036144578313253 0.058 0.10843373493975904
3 0.525 0.5 0.074 0.13253012048192772
3 0.5690000000000001 0.44728915662650603 0.05 0.08734939759036145
3 0.687 0.5271084337349398 0.046 0.10843373493975904
3 0.229 0.6280120481927711 0.034 0.06325301204819278
3 0.26 0.7048192771084337 0.056 0.060240963855421686
3 0.097 0.7650602409638555 0.042 0.06626506024096386
3 0.17200000000000001 0.6822289156626506 0.032 0.06325301204819278
3 0.242 0.8283132530120483 0.04 0.06626506024096386
3 0.275 0.7665662650602411 0.034 0.045180722891566265
3 0.098 0.588855421686747 0.024 0.0391566265060241
3 0.177 0.5421686746987953 0.058 0.060240963855421686
3 0.187 0.8298192771084337 0.026000000000000002 0.05120481927710844
3 0.051000000000000004 0.6234939759036144 0.022 0.042168674698795185
3 0.543 0.6460843373493976 0.03 0.08734939759036145
