2 0.429 0.5375375375375375 0.302 0.3483483483483483
2 0.7010000000000001 0.6546546546546547 0.258 0.3783783783783784
2 0.145 0.5180180180180181 0.29 0.32732732732732733
2 0.257 0.3483483483483483 0.31 0.3843843843843844
2 0.199 0.13063063063063063 0.318 0.26126126126126126
2 0.45 0.2042042042042042 0.24 0.4084084084084084
2 0.719 0.24024024024024024 0.274 0.4804804804804805
2 0.893 0.4249249249249249 0.21 0.4294294294294294
2 0.918 0.13063063063063063 0.16 0.26126126126126126
2 0.225 0.8273273273273273 0.338 0.33933933933933935
2 0.488 0.8408408408408409 0.28400000000000003 0.3123123123123123
2 0.873 0.8153153153153153 0.25 0.36336336336336333
