0 0.16 0.14114114114114115 0.168 0.16216216216216217
0 0.8240000000000001 0.16516516516516516 0.16 0.18618618618618618
0 0.523 0.17417417417417416 0.10200000000000001 0.11411411411411411
0 0.214 0.2897897897897898 0.1 0.11711711711711711
0 0.139 0.3738738738738739 0.10200000000000001 0.11711711711711711
0 0.041 0.4804804804804805 0.082 0.18618618618618618
0 0.5640000000000001 0.5765765765765766 0.26 0.32432432432432434
0 0.843 0.7477477477477478 0.23800000000000002 0.37237237237237236
0 0.463 0.8648648648648649 0.19 0.26426426426426425
0 0.316 0.7687687687687688 0.184 0.25225225225225223
0 0.084 0.8783783783783784 0.168 0.1831831831831832
0 0.153 0.7717717717717718 0.10200000000000001 0.14414414414414414
0 0.443 0.6711711711711712 0.106 0.12912912912912913
0 0.599 0.8108108108108109 0.14200000000000002 0.24024024024024024
