4 0.805 0.6836461126005362 0.17 0.16085790884718498
4 0.858 0.3418230563002681 0.124 0.13136729222520108
4 0.667 0.30294906166219837 0.106 0.128686327077748
4 0.5730000000000001 0.38471849865951746 0.114 0.13672922252010725
4 0.07100000000000001 0.8498659517426274 0.14200000000000002 0.17158176943699732
4 0.214 0.868632707774799 0.18 0.1554959785522788
4 0.272 0.7506702412868633 0.23600000000000002 0.24128686327077747
4 0.037 0.5978552278820376 0.074 0.18766756032171583
4 0.196 0.6112600536193029 0.112 0.11796246648793565
4 0.281 0.47319034852546915 0.098 0.13672922252010725
4 0.133 0.4128686327077748 0.17400000000000002 0.18766756032171583
4 0.246 0.30831099195710454 0.128 0.128686327077748
4 0.326 0.21849865951742628 0.112 0.13136729222520108
4 0.365 0.24128686327077747 0.122 0.1447721179624665
4 0.419 0.13941018766756033 0.098 0.128686327077748
4 0.466 0.24396782841823056 0.08 0.10187667560321716
4 0.065 0.13941018766756033 0.114 0.16621983914209115
4 0.14400000000000002 0.18498659517426275 0.112 0.1126005361930295
