4 0.3953125 0.8541666666666666 0.15937500000000002 0.2833333333333333
4 0.6234375000000001 0.7770833333333333 0.115625 0.22083333333333333
4 0.7890625 0.6375 0.134375 0.20833333333333334
4 0.31875000000000003 0.6958333333333333 0.13125 0.225
4 0.05 0.5354166666666667 0.1 0.2125
4 0.209375 0.5583333333333333 0.10625000000000001 0.20833333333333334
4 0.27187500000000003 0.4791666666666667 0.09375 0.175
4 0.4765625 0.5541666666666667 0.12187500000000001 0.225
4 0.6671875 0.5479166666666666 0.12187500000000001 0.20416666666666666
4 0.9078125 0.5791666666666666 0.12812500000000002 0.25
4 0.09843750000000001 0.2791666666666667 0.19687500000000002 0.36666666666666664
4 0.321875 0.2604166666666667 0.25625000000000003 0.3875
4 0.721875 0.3 0.55 0.44166666666666665
