3 0.10312500000000001 0.7 0.15625 0.18333333333333332
3 0.2765625 0.6666666666666666 0.146875 0.175
3 0.1125 0.5479166666666666 0.19375 0.14583333333333334
3 0.75 0.6333333333333333 0.15625 0.2583333333333333
3 0.909375 0.6395833333333333 0.1375 0.25416666666666665
3 0.5390625 0.6791666666666667 0.171875 0.325
3 0.6796875 0.3875 0.140625 0.2
3 0.259375 0.4166666666666667 0.15000000000000002 0.125
3 0.5046875000000001 0.44166666666666665 0.215625 0.3
3 0.8093750000000001 0.3104166666666667 0.1125 0.10416666666666667
3 0.9234375 0.4375 0.096875 0.16666666666666666
