2 0.47187500000000004 0.925925925925926 0.1125 0.13168724279835392
2 0.40625 0.30246913580246915 0.16875 0.1769547325102881
2 0.5171875 0.15637860082304528 0.240625 0.2551440329218107
2 0.5453125 0.33333333333333337 0.12812500000000002 0.14814814814814817
2 0.690625 0.26131687242798357 0.1625 0.20164609053497945
2 0.8109375000000001 0.39711934156378603 0.215625 0.2757201646090535
2 0.515625 0.5802469135802469 0.275 0.3868312757201646
2 0.18281250000000002 0.3991769547325103 0.084375 0.09876543209876544
2 0.203125 0.5555555555555556 0.06875 0.05761316872427984
2 0.3328125 0.5679012345679013 0.078125 0.06584362139917696
2 0.28750000000000003 0.3724279835390947 0.08125 0.08641975308641976
