2 0.1203125 0.3170731707317074 0.184375 0.34959349593495936
2 0.1296875 0.0894308943089431 0.146875 0.11382113821138212
2 0.26406250000000003 0.12195121951219513 0.10312500000000001 0.11382113821138212
2 0.3515625 0.17682926829268295 0.096875 0.11788617886178863
2 0.375 0.33943089430894313 0.1375 0.12601626016260165
2 0.4921875 0.21747967479674798 0.10312500000000001 0.11788617886178863
2 0.50625 0.3373983739837399 0.08750000000000001 0.11382113821138212
2 0.5906250000000001 0.3638211382113822 0.0625 0.10975609756097562
2 0.359375 0.58739837398374 0.2 0.23983739837398377
2 0.484375 0.48983739837398377 0.125 0.13414634146341464
2 0.6703125000000001 0.6951219512195123 0.171875 0.2520325203252033
2 0.19843750000000002 0.8475609756097562 0.134375 0.19918699186991873
