2 0.26875 0.18958333333333333 0.3875 0.2875
2 0.525 0.14375 0.30000000000000004 0.2375
2 0.8031250000000001 0.24375 0.38125000000000003 0.2791666666666667
2 0.846875 0.48541666666666666 0.29375 0.2708333333333333
2 0.80625 0.7104166666666667 0.375 0.2625
2 0.178125 0.4354166666666667 0.35625 0.25416666666666665
2 0.08750000000000001 0.5583333333333333 0.1125 0.075
2 0.25 0.6916666666666667 0.4375 0.3
2 0.12812500000000002 0.88125 0.14375000000000002 0.0875
2 0.503125 0.7854166666666667 0.50625 0.30416666666666664
