4 0.38125 0.6635220125786164 0.22083333333333333 0.4088050314465409
4 0.20208333333333334 0.4716981132075472 0.20416666666666666 0.44025157232704404
4 0.6145833333333334 0.6509433962264152 0.2375 0.5345911949685535
4 0.21666666666666667 0.22327044025157233 0.24166666666666667 0.30817610062893086
4 0.8875 0.48427672955974843 0.21666666666666667 0.729559748427673
4 0.7083333333333334 0.14465408805031446 0.25 0.2893081761006289
4 0.5 0.3584905660377359 0.2916666666666667 0.30188679245283023
4 0.4895833333333333 0.11635220125786164 0.14583333333333334 0.23270440251572327
4 0.058333333333333334 0.7232704402515724 0.1 0.3647798742138365
4 0.15625 0.9339622641509434 0.15416666666666667 0.11949685534591195
