4 0.36875 0.7791666666666667 0.2375 0.2916666666666667
4 0.2 0.7270833333333333 0.11666666666666667 0.1625
4 0.74375 0.6041666666666666 0.2625 0.36666666666666664
4 0.26458333333333334 0.5791666666666666 0.1875 0.21666666666666667
4 0.3770833333333333 0.49166666666666664 0.17916666666666667 0.24166666666666667
4 0.4270833333333333 0.2875 0.1625 0.23333333333333334
4 0.5375 0.6229166666666667 0.23333333333333334 0.3375
4 0.7416666666666667 0.8270833333333333 0.26666666666666666 0.22916666666666666
4 0.9354166666666667 0.5895833333333333 0.12083333333333333 0.3541666666666667
4 0.7583333333333333 0.4041666666666667 0.13333333333333333 0.16666666666666666
4 0.8604166666666666 0.44375 0.07083333333333333 0.1125
