4 0.252 0.2747747747747748 0.17200000000000001 0.22522522522522523
4 0.28 0.47897897897897895 0.136 0.21921921921921922
4 0.47100000000000003 0.7837837837837838 0.20600000000000002 0.25825825825825827
4 0.685 0.8498498498498498 0.162 0.2042042042042042
4 0.877 0.8978978978978979 0.242 0.1981981981981982
4 0.578 0.3768768768768769 0.148 0.22522522522522523
4 0.684 0.37237237237237236 0.116 0.21621621621621623
4 0.8190000000000001 0.11861861861861862 0.178 0.23723723723723725
4 0.914 0.3843843843843844 0.14400000000000002 0.1981981981981982
4 0.922 0.575075075075075 0.152 0.19519519519519518
