4 0.7305555555555556 0.4166666666666667 0.18333333333333335 0.14166666666666666
4 0.15555555555555556 0.4 0.2 0.11666666666666667
4 0.06666666666666667 0.29583333333333334 0.13333333333333333 0.075
4 0.061111111111111116 0.17291666666666666 0.08888888888888889 0.0875
4 0.1527777777777778 0.18333333333333332 0.09444444444444444 0.08333333333333333
4 0.3111111111111111 0.1875 0.17777777777777778 0.13333333333333333
4 0.33055555555555555 0.3104166666666667 0.1277777777777778 0.1125
4 0.4527777777777778 0.2375 0.17222222222222222 0.11666666666666667
4 0.55 0.18125 0.2111111111111111 0.12916666666666665
4 0.9027777777777778 0.10208333333333333 0.18333333333333335 0.1375
4 0.7694444444444445 0.03958333333333333 0.07222222222222223 0.05416666666666667
