2 0.2734375 0.2708333333333333 0.15937500000000002 0.20833333333333334
2 0.421875 0.4354166666666667 0.13125 0.2625
2 0.6078125000000001 0.41875 0.16562500000000002 0.2708333333333333
2 0.5296875 0.53125 0.084375 0.17916666666666667
2 0.8171875000000001 0.475 0.140625 0.15833333333333333
2 0.8140625 0.65625 0.253125 0.15416666666666667
2 0.265625 0.5020833333333333 0.1875 0.12083333333333333
2 0.14375000000000002 0.5645833333333333 0.1 0.12916666666666665
2 0.2546875 0.6145833333333334 0.134375 0.12916666666666665
2 0.1421875 0.88125 0.19062500000000002 0.22916666666666666
2 0.375 0.9166666666666666 0.24375000000000002 0.15833333333333333
2 0.41875 0.7145833333333333 0.21250000000000002 0.25416666666666665
2 0.5859375 0.75625 0.15937500000000002 0.25416666666666665
2 0.546875 0.93125 0.1 0.12916666666666665
2 0.7484375000000001 0.7916666666666666 0.171875 0.2
2 0.915625 0.8583333333333333 0.1625 0.275
