4 0.085 0.35285285285285284 0.17 0.36336336336336333
4 0.098 0.8453453453453453 0.196 0.3033033033033033
4 0.28500000000000003 0.8558558558558559 0.178 0.2822822822822823
4 0.445 0.8018018018018018 0.20600000000000002 0.39039039039039036
4 0.191 0.6306306306306306 0.234 0.35435435435435436
4 0.138 0.15315315315315314 0.276 0.3063063063063063
4 0.462 0.1966966966966967 0.40800000000000003 0.3933933933933934
4 0.5660000000000001 0.44294294294294295 0.192 0.45945945945945943
4 0.6940000000000001 0.5630630630630631 0.168 0.36336336336336333
4 0.77 0.22072072072072071 0.212 0.44144144144144143
4 0.905 0.7777777777777778 0.186 0.43843843843843844
4 0.298 0.38738738738738737 0.28 0.4804804804804805
4 0.9490000000000001 0.23123123123123124 0.098 0.3123123123123123
