4 0.08750000000000001 0.8104166666666667 0.17500000000000002 0.37083333333333335
4 0.5140625 0.9125 0.134375 0.16666666666666666
4 0.7765625 0.7770833333333333 0.27187500000000003 0.3458333333333333
4 0.9515625000000001 0.7604166666666666 0.09062500000000001 0.3625
4 0.421875 0.5625 0.25625000000000003 0.25
4 0.40937500000000004 0.8104166666666667 0.36875 0.2791666666666667
4 0.5875 0.225 0.1375 0.3
4 0.184375 0.5770833333333333 0.36875 0.46249999999999997
4 0.2078125 0.21875 0.415625 0.4375
4 0.675 0.5729166666666666 0.3125 0.2791666666666667
4 0.9125000000000001 0.5270833333333333 0.16875 0.25416666666666665
4 0.828125 0.3333333333333333 0.3375 0.3416666666666667
