4 0.7722222222222223 0.7958333333333333 0.4444444444444445 0.21666666666666667
4 0.6111111111111112 0.9291666666666667 0.4222222222222222 0.13333333333333333
4 0.08055555555555556 0.75625 0.16111111111111112 0.2375
4 0.325 0.7916666666666666 0.4388888888888889 0.25
4 0.6305555555555555 0.6125 0.7277777777777779 0.23333333333333334
4 0.1277777777777778 0.5145833333333333 0.2555555555555556 0.25416666666666665
4 0.15 0.36875 0.3 0.12916666666666665
4 0.36944444444444446 0.4458333333333333 0.20555555555555557 0.175
4 0.7472222222222222 0.4166666666666667 0.49444444444444446 0.2
4 0.125 0.2520833333333333 0.25 0.15416666666666667
4 0.6 0.25 0.788888888888889 0.23333333333333334
4 0.49722222222222223 0.075 0.9944444444444445 0.15
