2 0.11 0.7759146341463415 0.128 0.2225609756097561
2 0.202 0.6859756097560976 0.092 0.0975609756097561
2 0.361 0.8109756097560976 0.098 0.1402439024390244
2 0.391 0.9024390243902439 0.106 0.1402439024390244
2 0.509 0.7774390243902439 0.078 0.12195121951219512
2 0.5680000000000001 0.8353658536585367 0.076 0.14634146341463417
2 0.762 0.8292682926829269 0.088 0.1524390243902439
2 0.318 0.5213414634146342 0.112 0.17073170731707318
2 0.364 0.43902439024390244 0.08 0.10975609756097561
2 0.424 0.5259146341463414 0.064 0.16158536585365854
2 0.585 0.4634146341463415 0.10200000000000001 0.16463414634146342
2 0.432 0.3079268292682927 0.084 0.21951219512195122
2 0.483 0.21341463414634146 0.098 0.17682926829268295
2 0.508 0.3628048780487805 0.084 0.1402439024390244
2 0.5630000000000001 0.22865853658536586 0.098 0.17073170731707318
2 0.642 0.25609756097560976 0.124 0.16463414634146342
2 0.616 0.3902439024390244 0.096 0.1524390243902439
2 0.6880000000000001 0.15701219512195122 0.108 0.13109756097560976
2 0.81 0.15091463414634146 0.128 0.18597560975609756
2 0.8240000000000001 0.26371951219512196 0.096 0.15548780487804878
2 0.898 0.2728658536585366 0.044 0.06402439024390244
2 0.75 0.3018292682926829 0.112 0.12804878048780488
2 0.762 0.40701219512195125 0.092 0.11280487804878049
2 0.783 0.5121951219512195 0.082 0.16463414634146342
2 0.881 0.40396341463414637 0.15 0.1676829268292683
2 0.851 0.5213414634146342 0.07 0.13414634146341464
