4 0.1390625 0.784037558685446 0.078125 0.13145539906103287
4 0.6484375 0.8474178403755869 0.146875 0.24882629107981222
4 0.7875000000000001 0.6807511737089202 0.08750000000000001 0.16901408450704225
4 0.4109375 0.5586854460093896 0.15937500000000002 0.20657276995305165
4 0.49843750000000003 0.3967136150234742 0.12812500000000002 0.23004694835680753
4 0.6359375 0.48826291079812206 0.171875 0.2535211267605634
4 0.8859375 0.3474178403755869 0.15937500000000002 0.28169014084507044
4 0.7921875 0.3380281690140845 0.084375 0.1971830985915493
4 0.721875 0.22065727699530516 0.1375 0.24413145539906103
4 0.8859375 0.1267605633802817 0.203125 0.2535211267605634
4 0.47968750000000004 0.17370892018779344 0.12812500000000002 0.18779342723004694
4 0.5421875 0.1267605633802817 0.115625 0.215962441314554
4 0.6515625 0.08215962441314555 0.134375 0.1643192488262911
4 0.35781250000000003 0.27230046948356806 0.096875 0.1784037558685446
4 0.1203125 0.1572769953051643 0.240625 0.3145539906103286
4 0.2921875 0.07511737089201878 0.153125 0.15023474178403756
4 0.328125 0.1572769953051643 0.10625000000000001 0.1267605633802817
4 0.18125000000000002 0.5093896713615024 0.10625000000000001 0.17370892018779344
4 0.1296875 0.3943661971830986 0.109375 0.16901408450704225
4 0.2578125 0.4107981220657277 0.09062500000000001 0.1643192488262911
4 0.18125000000000002 0.3075117370892019 0.1375 0.22065727699530516
