4 0.17500000000000002 0.8395833333333333 0.35000000000000003 0.3125
4 0.421875 0.9270833333333334 0.24375000000000002 0.1375
4 0.7703125000000001 0.9020833333333333 0.453125 0.1875
4 0.4765625 0.7104166666666667 0.33437500000000003 0.3625
4 0.15625 0.5270833333333333 0.3125 0.3208333333333333
4 0.8187500000000001 0.7166666666666667 0.35625 0.3833333333333333
4 0.48281250000000003 0.45208333333333334 0.34687500000000004 0.17083333333333334
4 0.8250000000000001 0.45 0.34375 0.16666666666666666
4 0.49843750000000003 0.2833333333333333 0.9968750000000001 0.175
4 0.1015625 0.10208333333333333 0.203125 0.20416666666666666
4 0.5984375000000001 0.10208333333333333 0.796875 0.20416666666666666
