4 0.0328125 0.5962441314553991 0.065625 0.14084507042253522
4 0.2890625 0.6596244131455399 0.109375 0.15492957746478875
4 0.1921875 0.7370892018779343 0.065625 0.14084507042253522
4 0.2484375 0.9248826291079812 0.171875 0.14084507042253522
4 0.47500000000000003 0.7417840375586855 0.05625 0.15023474178403756
4 0.53125 0.7910798122065728 0.05625 0.13615023474178403
4 0.6921875000000001 0.687793427230047 0.134375 0.17370892018779344
4 0.7984375 0.636150234741784 0.10312500000000001 0.17370892018779344
4 0.5328125 0.5492957746478874 0.059375000000000004 0.14084507042253522
4 0.15781250000000002 0.42488262910798125 0.065625 0.13615023474178403
4 0.29375 0.392018779342723 0.043750000000000004 0.107981220657277
4 0.40156250000000004 0.4812206572769953 0.046875 0.1267605633802817
4 0.815625 0.5328638497652582 0.06875 0.1267605633802817
4 0.7156250000000001 0.4131455399061033 0.21875 0.20657276995305165
4 0.9281250000000001 0.39906103286384975 0.1375 0.1971830985915493
4 0.9296875 0.2323943661971831 0.134375 0.23943661971830987
4 0.7578125 0.2511737089201878 0.22812500000000002 0.18309859154929578
4 0.6156250000000001 0.1971830985915493 0.08125 0.1784037558685446
4 0.0734375 0.23708920187793428 0.146875 0.23943661971830987
4 0.36562500000000003 0.22300469483568075 0.4375 0.20187793427230047
4 0.17500000000000002 0.07981220657276995 0.21250000000000002 0.1596244131455399
4 0.42500000000000004 0.07042253521126761 0.28750000000000003 0.14084507042253522
4 0.6062500000000001 0.0892018779342723 0.0625 0.07511737089201878
4 0.6734375 0.0539906103286385 0.10312500000000001 0.107981220657277
4 0.8093750000000001 0.0539906103286385 0.1875 0.107981220657277
