4 0.32 0.7282282282282282 0.088 0.23123123123123124
4 0.105 0.6156156156156156 0.074 0.21021021021021022
4 0.587 0.9144144144144144 0.214 0.16516516516516516
4 0.761 0.8783783783783784 0.15 0.23723723723723725
4 0.786 0.7087087087087087 0.108 0.1981981981981982
4 0.93 0.45495495495495497 0.136 0.23723723723723725
4 0.633 0.5225225225225225 0.33 0.3303303303303303
4 0.7010000000000001 0.3213213213213213 0.262 0.21621621621621623
4 0.931 0.28678678678678676 0.134 0.2012012012012012
4 0.203 0.1996996996996997 0.406 0.3153153153153153
4 0.467 0.14414414414414414 0.122 0.2882882882882883
4 0.713 0.19369369369369369 0.374 0.23123123123123124
4 0.47300000000000003 0.5915915915915916 0.078 0.13213213213213212
4 0.133 0.3768768768768769 0.062 0.14114114114114115
