4 0.6328125 0.7867647058823529 0.065625 0.14215686274509803
4 0.884375 0.6519607843137255 0.18125000000000002 0.23529411764705882
4 0.384375 0.6519607843137255 0.07500000000000001 0.12745098039215685
4 0.421875 0.5661764705882353 0.05 0.09313725490196079
4 0.49062500000000003 0.5416666666666666 0.0625 0.14215686274509803
4 0.5453125 0.6348039215686274 0.078125 0.1323529411764706
4 0.6203125 0.5588235294117647 0.059375000000000004 0.09803921568627451
4 0.6875 0.6715686274509803 0.21250000000000002 0.12745098039215685
4 0.7234375000000001 0.5906862745098039 0.115625 0.10294117647058823
4 0.0734375 0.44362745098039214 0.146875 0.20098039215686275
4 0.2484375 0.4338235294117647 0.134375 0.1323529411764706
4 0.3484375 0.40931372549019607 0.053125000000000006 0.11274509803921569
4 0.45937500000000003 0.35784313725490197 0.06875 0.14705882352941177
4 0.521875 0.3480392156862745 0.06875 0.06862745098039216
4 0.76875 0.446078431372549 0.45625000000000004 0.2647058823529412
4 0.16562500000000002 0.2622549019607843 0.33125000000000004 0.22058823529411764
4 0.38593750000000004 0.23284313725490197 0.12187500000000001 0.22058823529411764
4 0.5734375 0.22058823529411764 0.253125 0.19607843137254902
4 0.8484375000000001 0.19117647058823528 0.296875 0.12745098039215685
4 0.8453125 0.28431372549019607 0.30312500000000003 0.0784313725490196
