1 0.22968750000000002 0.2136150234741784 0.215625 0.23004694835680753
1 0.06875 0.5774647887323944 0.1375 0.215962441314554
1 0.0578125 0.8708920187793427 0.115625 0.24882629107981222
1 0.9078125 0.1572769953051643 0.178125 0.2863849765258216
1 0.7125 0.7910798122065728 0.19375 0.23004694835680753
1 0.38593750000000004 0.6056338028169014 0.234375 0.18779342723004694
1 0.6125 0.5751173708920188 0.21250000000000002 0.17370892018779344
1 0.384375 0.392018779342723 0.24375000000000002 0.17370892018779344
1 0.46718750000000003 0.5516431924882629 0.19687500000000002 0.22065727699530516
1 0.521875 0.8169014084507042 0.24375000000000002 0.2535211267605634
