2 0.14375000000000002 0.20416666666666666 0.28750000000000003 0.3833333333333333
2 0.18281250000000002 0.4458333333333333 0.115625 0.125
2 0.325 0.4354166666666667 0.10625000000000001 0.1125
2 0.39687500000000003 0.19166666666666665 0.20625000000000002 0.35833333333333334
2 0.5765625 0.2583333333333333 0.171875 0.125
2 0.6843750000000001 0.38958333333333334 0.09375 0.0875
2 0.9078125 0.12291666666666666 0.178125 0.17916666666666667
2 0.1328125 0.675 0.16562500000000002 0.15833333333333333
2 0.2625 0.7854166666666667 0.125 0.1875
2 0.1171875 0.91875 0.184375 0.15416666666666667
2 0.325 0.9354166666666667 0.275 0.12083333333333333
2 0.37343750000000003 0.6895833333333333 0.10312500000000001 0.12916666666666665
2 0.46406250000000004 0.6666666666666666 0.084375 0.09166666666666666
2 0.4140625 0.8291666666666666 0.115625 0.2
2 0.65625 0.9270833333333334 0.375 0.1375
2 0.6156250000000001 0.7854166666666667 0.16875 0.10416666666666667
2 0.7234375000000001 0.6625 0.134375 0.08333333333333333
2 0.8718750000000001 0.7395833333333334 0.25 0.24583333333333332
2 0.9578125000000001 0.5458333333333333 0.078125 0.13333333333333333
2 0.5359375000000001 0.53125 0.240625 0.22083333333333333
2 0.565625 0.10625 0.13125 0.19583333333333333
2 0.7375 0.24166666666666667 0.11875000000000001 0.18333333333333332
2 0.7453125 0.0625 0.078125 0.075
