4 0.169 0.8693693693693694 0.186 0.2552552552552553
4 0.463 0.7237237237237237 0.20600000000000002 0.3303303303303303
4 0.729 0.6861861861861862 0.194 0.2552552552552553
4 0.937 0.551051051051051 0.122 0.2912912912912913
4 0.159 0.6291291291291291 0.318 0.4294294294294294
4 0.25 0.44294294294294295 0.14 0.16516516516516516
4 0.28700000000000003 0.32432432432432434 0.078 0.1021021021021021
4 0.422 0.27627627627627627 0.07200000000000001 0.1021021021021021
4 0.393 0.5180180180180181 0.186 0.14714714714714713
4 0.429 0.4144144144144144 0.146 0.16816816816816815
4 0.5670000000000001 0.3213213213213213 0.21 0.17417417417417416
4 0.588 0.4774774774774775 0.112 0.16216216216216217
4 0.722 0.5135135135135135 0.14 0.17417417417417416
4 0.6880000000000001 0.3948948948948949 0.08 0.1111111111111111
4 0.747 0.2957957957957958 0.15 0.2072072072072072
4 0.851 0.27177177177177175 0.062 0.0990990990990991
4 0.8240000000000001 0.43993993993993996 0.164 0.17117117117117117
4 0.912 0.3663663663663664 0.076 0.14414414414414414
4 0.9580000000000001 0.2777777777777778 0.08 0.1111111111111111
