4 0.3609375 0.8450704225352113 0.721875 0.3004694835680751
4 0.8515625 0.9225352112676056 0.22812500000000002 0.14553990610328638
4 0.9609375 0.8450704225352113 0.07187500000000001 0.2535211267605634
4 0.859375 0.6948356807511737 0.275 0.1971830985915493
4 0.8546875 0.45539906103286387 0.284375 0.3004694835680751
4 0.1046875 0.5305164319248826 0.209375 0.3380281690140845
4 0.278125 0.5305164319248826 0.13125 0.3380281690140845
4 0.3765625 0.431924882629108 0.07187500000000001 0.08450704225352113
4 0.696875 0.4014084507042254 0.05 0.1267605633802817
4 0.22968750000000002 0.22769953051643194 0.45937500000000003 0.22065727699530516
4 0.8109375000000001 0.19483568075117372 0.371875 0.2112676056338028
