2 0.16 0.8167259786476868 0.26 0.3594306049822064
2 0.328 0.5071174377224199 0.264 0.4448398576512455
2 0.843 0.8202846975088968 0.214 0.35231316725978645
2 0.595 0.5266903914590747 0.122 0.2277580071174377
2 0.644 0.2775800711743772 0.096 0.19217081850533807
2 0.669 0.4572953736654804 0.094 0.15302491103202845
2 0.731 0.3683274021352313 0.106 0.21708185053380782
2 0.715 0.1494661921708185 0.266 0.298932384341637
2 0.402 0.07117437722419928 0.17200000000000001 0.14234875444839856
2 0.926 0.3683274021352313 0.096 0.17437722419928825
