0 0.329 0.84 0.15 0.18133333333333332
0 0.182 0.7213333333333333 0.148 0.184
0 0.406 0.6799999999999999 0.14 0.176
0 0.453 0.5106666666666666 0.098 0.09866666666666667
0 0.016 0.5506666666666666 0.032 0.072
0 0.056 0.5026666666666666 0.068 0.09866666666666667
0 0.098 0.5826666666666667 0.112 0.10933333333333332
0 0.635 0.5146666666666666 0.146 0.15466666666666667
0 0.844 0.5506666666666666 0.12 0.13066666666666665
0 0.795 0.7306666666666667 0.13 0.13866666666666666
0 0.876 0.8026666666666666 0.132 0.13333333333333333
0 0.879 0.9293333333333333 0.158 0.13599999999999998
0 0.15 0.41866666666666663 0.084 0.07466666666666666
0 0.121 0.512 0.054 0.058666666666666666
0 0.23500000000000001 0.596 0.058 0.056
0 0.217 0.532 0.062 0.056
0 0.34800000000000003 0.35466666666666663 0.14 0.15466666666666667
0 0.105 0.2866666666666667 0.11 0.072
0 0.11900000000000001 0.212 0.106 0.07733333333333334
0 0.121 0.17066666666666666 0.082 0.048
0 0.053 0.108 0.074 0.050666666666666665
0 0.215 0.20266666666666666 0.062 0.08
0 0.195 0.13333333333333333 0.054 0.042666666666666665
0 0.201 0.04133333333333333 0.078 0.06666666666666667
0 0.269 0.04533333333333333 0.05 0.048
0 0.319 0.050666666666666665 0.046 0.042666666666666665
0 0.35000000000000003 0.08 0.068 0.05333333333333333
0 0.402 0.11866666666666666 0.068 0.04533333333333333
0 0.456 0.148 0.08 0.072
0 0.461 0.04533333333333333 0.138 0.09066666666666666
0 0.537 0.38266666666666665 0.094 0.088
0 0.6 0.432 0.108 0.10133333333333333
0 0.661 0.2906666666666667 0.10200000000000001 0.112
0 0.714 0.11066666666666666 0.124 0.09866666666666667
0 0.8180000000000001 0.132 0.132 0.08266666666666667
0 0.866 0.22 0.10400000000000001 0.08266666666666667
0 0.9520000000000001 0.212 0.092 0.088
0 0.975 0.316 0.046 0.07733333333333334
0 0.588 0.13466666666666666 0.08 0.056
0 0.633 0.19066666666666665 0.046 0.04533333333333333
0 0.624 0.08533333333333333 0.044 0.048
0 0.559 0.10933333333333332 0.074 0.058666666666666666
0 0.7010000000000001 0.03333333333333333 0.074 0.050666666666666665
0 0.781 0.028 0.038 0.050666666666666665
0 0.8220000000000001 0.017333333333333333 0.056 0.034666666666666665
0 0.982 0.07066666666666667 0.032 0.04
0 0.6910000000000001 0.15066666666666667 0.10200000000000001 0.07733333333333334
