2 0.16573033707865167 0.23333333333333334 0.1292134831460674 0.09166666666666666
2 0.3146067415730337 0.23958333333333334 0.1797752808988764 0.12083333333333333
2 0.4831460674157303 0.2125 0.19101123595505617 0.10833333333333334
2 0.6741573033707865 0.25 0.21348314606741572 0.15
2 0.8258426966292135 0.30416666666666664 0.20224719101123595 0.14166666666666666
2 0.14325842696629212 0.39791666666666664 0.11797752808988764 0.10416666666666667
2 0.22191011235955055 0.3458333333333333 0.1292134831460674 0.10833333333333334
2 0.3342696629213483 0.4125 0.20786516853932585 0.125
2 0.40730337078651685 0.33541666666666664 0.1292134831460674 0.1125
2 0.5589887640449438 0.33958333333333335 0.1741573033707865 0.12916666666666665
2 0.22191011235955055 0.5229166666666667 0.2191011235955056 0.1375
2 0.5084269662921348 0.4875 0.2191011235955056 0.15
2 0.6573033707865168 0.5354166666666667 0.16853932584269662 0.15416666666666667
2 0.7331460674157303 0.46458333333333335 0.20786516853932585 0.14583333333333334
2 0.8370786516853932 0.5666666666666667 0.1348314606741573 0.125
2 0.19662921348314605 0.675 0.15730337078651685 0.125
2 0.398876404494382 0.6416666666666666 0.21348314606741572 0.15
2 0.550561797752809 0.7270833333333333 0.20224719101123595 0.1625
2 0.7415730337078652 0.6645833333333333 0.20224719101123595 0.12083333333333333
