4 0.031 0.514344262295082 0.062 0.2336065573770492
4 0.08700000000000001 0.6147540983606558 0.082 0.20491803278688525
4 0.149 0.8647540983606558 0.122 0.24590163934426232
4 0.4 0.7930327868852459 0.14 0.27459016393442626
4 0.21 0.5778688524590164 0.156 0.26229508196721313
4 0.224 0.43442622950819676 0.096 0.22950819672131148
4 0.32 0.3627049180327869 0.116 0.2336065573770492
4 0.403 0.4754098360655738 0.13 0.2377049180327869
4 0.518 0.584016393442623 0.108 0.2418032786885246
4 0.541 0.44672131147540983 0.14200000000000002 0.21311475409836067
4 0.654 0.4672131147540984 0.08 0.22950819672131148
4 0.726 0.5491803278688525 0.096 0.22950819672131148
4 0.754 0.4118852459016394 0.1 0.2336065573770492
4 0.873 0.5184426229508197 0.178 0.27459016393442626
4 0.93 0.7725409836065574 0.10400000000000001 0.2336065573770492
4 0.967 0.6598360655737705 0.062 0.22950819672131148
