4 0.29531250000000003 0.8568075117370892 0.290625 0.27699530516431925
4 0.5125000000000001 0.9154929577464789 0.21250000000000002 0.1596244131455399
4 0.8203125 0.7464788732394366 0.353125 0.49765258215962443
4 0.40625 0.6150234741784038 0.1875 0.29107981220657275
4 0.584375 0.5985915492957746 0.25 0.3615023474178404
4 0.7328125000000001 0.363849765258216 0.22812500000000002 0.3427230046948357
4 0.9203125000000001 0.20657276995305165 0.153125 0.3474178403755869
4 0.10625000000000001 0.4131455399061033 0.1875 0.3943661971830986
4 0.21250000000000002 0.0892018779342723 0.1125 0.1784037558685446
4 0.3984375 0.13380281690140847 0.153125 0.2112676056338028
4 0.30625 0.38497652582159625 0.23750000000000002 0.4413145539906103
4 0.46718750000000003 0.31690140845070425 0.10312500000000001 0.2112676056338028
4 0.5890625 0.2605633802816901 0.178125 0.20187793427230047
