1 0.187 0.8091872791519434 0.254 0.3745583038869258
1 0.501 0.7773851590106007 0.198 0.4381625441696113
0 0.181 0.4752650176678445 0.134 0.23674911660777384
0 0.213 0.28975265017667845 0.106 0.1413427561837456
0 0.401 0.27385159010600707 0.138 0.19434628975265017
0 0.768 0.303886925795053 0.252 0.26855123674911663
0 0.053 0.4628975265017668 0.106 0.15547703180212014
0 0.122 0.11837455830388692 0.24 0.22968197879858657
0 0.4 0.09187279151943463 0.316 0.18374558303886926
0 0.611 0.09363957597173145 0.094 0.10247349823321554
0 0.544 0.2879858657243816 0.064 0.10247349823321554
0 0.806 0.08303886925795052 0.22 0.16607773851590105
