4 0.053125000000000006 0.36619718309859156 0.08125 0.16901408450704225
4 0.037500000000000006 0.727699530516432 0.0625 0.18779342723004694
4 0.2109375 0.6995305164319249 0.07187500000000001 0.1971830985915493
4 0.034375 0.5258215962441315 0.05625 0.16901408450704225
4 0.328125 0.3943661971830986 0.10625000000000001 0.2347417840375587
4 0.40625 0.5258215962441315 0.07500000000000001 0.18779342723004694
4 0.6000000000000001 0.7042253521126761 0.0625 0.18779342723004694
4 0.6468750000000001 0.4906103286384977 0.06875 0.19248826291079812
4 0.48125 0.3685446009389671 0.05625 0.15492957746478875
4 0.6359375 0.3403755868544601 0.059375000000000004 0.1643192488262911
4 0.8406250000000001 0.31220657276995306 0.1 0.18309859154929578
4 0.76875 0.7981220657276995 0.06875 0.215962441314554
4 0.8171875000000001 0.7511737089201878 0.053125000000000006 0.20657276995305165
4 0.8578125000000001 0.6173708920187794 0.046875 0.17370892018779344
4 0.9750000000000001 0.45305164319248825 0.043750000000000004 0.1643192488262911
4 0.9640625 0.7417840375586855 0.053125000000000006 0.14084507042253522
4 0.9593750000000001 0.20892018779342725 0.07500000000000001 0.17370892018779344
