4 0.64375 0.835680751173709 0.2625 0.3192488262910798
4 0.32656250000000003 0.795774647887324 0.203125 0.2863849765258216
4 0.15937500000000002 0.5093896713615024 0.20625000000000002 0.27699530516431925
4 0.38906250000000003 0.607981220657277 0.096875 0.14553990610328638
4 0.525 0.6244131455399061 0.08750000000000001 0.18779342723004694
4 0.38125000000000003 0.44366197183098594 0.21875 0.323943661971831
4 0.634375 0.431924882629108 0.2625 0.3192488262910798
4 0.240625 0.25821596244131456 0.275 0.3380281690140845
4 0.525 0.17136150234741784 0.18125000000000002 0.22065727699530516
4 0.703125 0.22535211267605634 0.2 0.2347417840375587
4 0.8734375000000001 0.09389671361502347 0.246875 0.18779342723004694
4 0.9203125000000001 0.3755868544600939 0.10312500000000001 0.2347417840375587
