4 0.153 0.20394736842105263 0.306 0.40789473684210525
4 0.035 0.6217105263157895 0.07 0.4407894736842105
4 0.11900000000000001 0.47368421052631576 0.11 0.1381578947368421
4 0.184 0.5246710526315789 0.164 0.18092105263157893
4 0.218 0.6858552631578947 0.14 0.1611842105263158
4 0.384 0.7203947368421052 0.124 0.15789473684210525
4 0.461 0.8848684210526315 0.194 0.22368421052631576
4 0.592 0.6990131578947368 0.10400000000000001 0.1282894736842105
4 0.71 0.6430921052631579 0.14 0.1611842105263158
4 0.812 0.7121710526315789 0.124 0.14802631578947367
4 0.793 0.8996710526315789 0.14200000000000002 0.15460526315789472
4 0.912 0.8536184210526315 0.148 0.16776315789473684
4 0.927 0.7368421052631579 0.10200000000000001 0.1381578947368421
4 0.914 0.6184210526315789 0.12 0.125
4 0.399 0.537828947368421 0.258 0.2006578947368421
4 0.306 0.4013157894736842 0.10400000000000001 0.10526315789473684
4 0.465 0.40789473684210525 0.126 0.15789473684210525
4 0.622 0.5197368421052632 0.088 0.11842105263157894
4 0.403 0.17434210526315788 0.218 0.34868421052631576
4 0.757 0.13157894736842105 0.482 0.2631578947368421
4 0.8290000000000001 0.3421052631578947 0.338 0.256578947368421
4 0.627 0.3733552631578947 0.062 0.08881578947368421
4 0.976 0.5164473684210527 0.044 0.11842105263157894
