4 0.146875 0.4366197183098592 0.14375000000000002 0.3098591549295775
4 0.16875 0.6854460093896714 0.11875000000000001 0.215962441314554
4 0.043750000000000004 0.48826291079812206 0.08750000000000001 0.1971830985915493
4 0.2546875 0.5492957746478874 0.096875 0.1971830985915493
4 0.3484375 0.46009389671361506 0.109375 0.20657276995305165
4 0.44375000000000003 0.4765258215962441 0.1 0.15492957746478875
4 0.5796875 0.5070422535211268 0.171875 0.3755868544600939
4 0.74375 0.44366197183098594 0.15625 0.25821596244131456
4 0.8703125 0.7112676056338029 0.171875 0.323943661971831
4 0.8671875 0.5258215962441315 0.134375 0.13145539906103287
4 0.9375 0.42018779342723006 0.11875000000000001 0.26760563380281693
