0 0.07968750000000001 0.6713615023474179 0.115625 0.1596244131455399
0 0.15781250000000002 0.7018779342723005 0.10312500000000001 0.19248826291079812
0 0.25 0.7300469483568075 0.11875000000000001 0.18309859154929578
0 0.30625 0.8826291079812206 0.14375000000000002 0.22535211267605634
0 0.38125000000000003 0.7676056338028169 0.1375 0.17370892018779344
0 0.6468750000000001 0.8708920187793427 0.13125 0.15492957746478875
0 0.09062500000000001 0.9460093896713615 0.1375 0.09859154929577466
0 0.1375 0.4154929577464789 0.1 0.1267605633802817
0 0.0671875 0.4624413145539906 0.084375 0.1267605633802817
0 0.040625 0.3779342723004695 0.08125 0.15492957746478875
