4 0.17916666666666667 0.46505376344086025 0.09166666666666666 0.15591397849462366
4 0.17708333333333334 0.6155913978494624 0.09583333333333333 0.14516129032258066
4 0.2583333333333333 0.5913978494623656 0.06666666666666667 0.09677419354838711
4 0.47291666666666665 0.6155913978494624 0.12083333333333333 0.14516129032258066
4 0.6854166666666667 0.6102150537634409 0.0625 0.10215053763440861
4 0.7354166666666666 0.6774193548387097 0.12083333333333333 0.11827956989247312
4 0.80625 0.5672043010752689 0.07083333333333333 0.0913978494623656
4 0.26875 0.2849462365591398 0.12916666666666665 0.17204301075268819
4 0.26666666666666666 0.3897849462365592 0.06666666666666667 0.06989247311827958
4 0.4270833333333333 0.467741935483871 0.05416666666666667 0.07526881720430108
4 0.3541666666666667 0.33333333333333337 0.058333333333333334 0.07526881720430108
4 0.48125 0.3682795698924731 0.05416666666666667 0.06989247311827958
4 0.6270833333333333 0.48924731182795705 0.07083333333333333 0.10752688172043012
4 0.7416666666666667 0.4623655913978495 0.06666666666666667 0.10752688172043012
4 0.7979166666666666 0.467741935483871 0.0625 0.07526881720430108
4 0.49166666666666664 0.16397849462365593 0.25 0.1774193548387097
4 0.48125 0.27688172043010756 0.05416666666666667 0.08064516129032259
4 0.6270833333333333 0.3360215053763441 0.0625 0.06989247311827958
4 0.7270833333333333 0.29301075268817206 0.14583333333333334 0.20967741935483872
