0 0.696875 0.44375 0.55625 0.3208333333333333
0 0.084375 0.8520833333333333 0.16875 0.2625
0 0.0765625 0.6708333333333333 0.078125 0.075
0 0.035937500000000004 0.23541666666666666 0.07187500000000001 0.04583333333333333
0 0.134375 0.17291666666666666 0.0625 0.05416666666666667
0 0.1328125 0.5041666666666667 0.059375000000000004 0.075
0 0.4421875 0.6645833333333333 0.115625 0.12916666666666665
0 0.603125 0.7125 0.09375 0.08333333333333333
0 0.5750000000000001 0.6625 0.043750000000000004 0.06666666666666667
0 0.628125 0.6520833333333333 0.07500000000000001 0.0625
0 0.8390625 0.7020833333333333 0.078125 0.07083333333333333
0 0.8109375000000001 0.8666666666666667 0.371875 0.2583333333333333
0 0.8953125000000001 0.86875 0.059375000000000004 0.07916666666666666
0 0.9640625 0.9166666666666666 0.065625 0.10833333333333334
0 0.9375 0.8479166666666667 0.05625 0.07083333333333333
0 0.6671875 0.825 0.053125000000000006 0.08333333333333333
0 0.753125 0.8104166666666667 0.05625 0.07083333333333333
0 0.284375 0.26666666666666666 0.0625 0.058333333333333334
0 0.328125 0.33125 0.06875 0.0625
0 0.390625 0.32708333333333334 0.0625 0.05416666666666667
0 0.3203125 0.575 0.053125000000000006 0.05
0 0.4703125 0.15625 0.053125000000000006 0.04583333333333333
0 0.2234375 0.14791666666666667 0.040625 0.04583333333333333
0 0.26875 0.13333333333333333 0.0625 0.058333333333333334
0 0.40468750000000003 0.2125 0.065625 0.05
0 0.48125 0.21458333333333332 0.06875 0.04583333333333333
0 0.5828125000000001 0.2583333333333333 0.059375000000000004 0.041666666666666664
0 0.565625 0.16041666666666665 0.05 0.04583333333333333
0 0.32343750000000004 0.4 0.065625 0.06666666666666667
0 0.384375 0.4270833333333333 0.05 0.05416666666666667
0 0.7406250000000001 0.68125 0.043750000000000004 0.05416666666666667
0 0.7890625 0.3770833333333333 0.09062500000000001 0.1125
0 0.36250000000000004 0.25416666666666665 0.08125 0.08333333333333333
