2 0.17708333333333334 0.25625 0.1875 0.1625
2 0.15 0.4 0.23333333333333334 0.125
2 0.18333333333333332 0.5145833333333333 0.18333333333333332 0.14583333333333334
2 0.3625 0.5916666666666667 0.15833333333333333 0.2
2 0.4770833333333333 0.6270833333333333 0.07916666666666666 0.1625
2 0.5583333333333333 0.6958333333333333 0.041666666666666664 0.041666666666666664
2 0.5125 0.7520833333333333 0.041666666666666664 0.0375
2 0.575 0.5895833333333333 0.11666666666666667 0.12916666666666665
2 0.6354166666666666 0.5208333333333334 0.05416666666666667 0.058333333333333334
2 0.6958333333333333 0.6145833333333334 0.041666666666666664 0.04583333333333333
2 0.7083333333333334 0.5416666666666666 0.041666666666666664 0.05
2 0.8270833333333333 0.5375 0.07083333333333333 0.075
2 0.3229166666666667 0.40208333333333335 0.05416666666666667 0.07916666666666666
2 0.4875 0.4125 0.24166666666666667 0.2
2 0.7979166666666666 0.36041666666666666 0.3625 0.2125
2 0.8145833333333333 0.17916666666666667 0.17083333333333334 0.18333333333333332
2 0.6416666666666666 0.16458333333333333 0.15833333333333333 0.12916666666666665
2 0.23958333333333334 0.125 0.17916666666666667 0.125
2 0.45 0.26666666666666666 0.31666666666666665 0.14166666666666666
2 0.45208333333333334 0.15 0.22916666666666666 0.125
