4 0.934 0.596 0.08 0.13599999999999998
4 0.746 0.4746666666666666 0.06 0.10666666666666666
4 0.711 0.48533333333333334 0.054 0.10666666666666666
4 0.623 0.48266666666666663 0.054 0.09066666666666666
4 0.536 0.46399999999999997 0.048 0.08
4 0.854 0.39199999999999996 0.052000000000000005 0.09066666666666666
4 0.875 0.304 0.062 0.10666666666666666
4 0.981 0.3373333333333333 0.034 0.088
4 0.737 0.3426666666666667 0.054 0.088
4 0.619 0.36533333333333334 0.046 0.09066666666666666
4 0.675 0.36133333333333334 0.058 0.09866666666666667
4 0.652 0.3213333333333333 0.036000000000000004 0.072
4 0.511 0.28933333333333333 0.042 0.072
4 0.548 0.27466666666666667 0.04 0.064
4 0.604 0.18266666666666667 0.052000000000000005 0.10933333333333332
4 0.662 0.17733333333333332 0.044 0.056
4 0.708 0.184 0.04 0.05333333333333333
4 0.754 0.23866666666666667 0.044 0.072
4 0.811 0.25066666666666665 0.042 0.06933333333333333
4 0.784 0.24133333333333332 0.036000000000000004 0.13066666666666665
4 0.8300000000000001 0.192 0.036000000000000004 0.064
4 0.868 0.20933333333333332 0.044 0.08266666666666667
4 0.963 0.21733333333333332 0.042 0.06666666666666667
4 0.41200000000000003 0.236 0.076 0.11466666666666667
4 0.391 0.12133333333333333 0.046 0.088
4 0.445 0.16666666666666666 0.054 0.088
4 0.47500000000000003 0.11866666666666666 0.03 0.04533333333333333
4 0.497 0.09066666666666666 0.034 0.05333333333333333
4 0.515 0.13733333333333334 0.03 0.04
4 0.336 0.216 0.028 0.058666666666666666
4 0.322 0.32666666666666666 0.044 0.08266666666666667
4 0.292 0.16799999999999998 0.048 0.058666666666666666
4 0.08600000000000001 0.3293333333333333 0.036000000000000004 0.072
4 0.117 0.36933333333333335 0.05 0.072
4 0.125 0.2693333333333333 0.042 0.09066666666666666
4 0.162 0.32666666666666666 0.04 0.072
4 0.246 0.316 0.064 0.10933333333333332
4 0.193 0.17333333333333334 0.11 0.19733333333333333
4 0.1 0.104 0.10400000000000001 0.096
