4 0.897 0.7213333333333333 0.202 0.2533333333333333
4 0.362 0.7893333333333333 0.096 0.144
4 0.41300000000000003 0.7093333333333333 0.11 0.16533333333333333
4 0.5 0.7586666666666666 0.092 0.13599999999999998
4 0.47400000000000003 0.9253333333333333 0.1 0.128
4 0.34800000000000003 0.5186666666666666 0.10400000000000001 0.13599999999999998
4 0.399 0.5533333333333333 0.094 0.13066666666666665
4 0.489 0.576 0.08600000000000001 0.12266666666666666
4 0.581 0.608 0.138 0.18666666666666665
4 0.6960000000000001 0.6346666666666666 0.128 0.176
4 0.662 0.8026666666666666 0.136 0.19733333333333333
4 0.87 0.49066666666666664 0.152 0.20266666666666666
4 0.9490000000000001 0.4013333333333333 0.098 0.16799999999999998
4 0.23600000000000002 0.4453333333333333 0.064 0.08
4 0.247 0.33599999999999997 0.066 0.096
4 0.296 0.304 0.07200000000000001 0.10133333333333333
4 0.32 0.36533333333333334 0.1 0.128
4 0.40800000000000003 0.40399999999999997 0.092 0.11466666666666667
4 0.49 0.38266666666666665 0.128 0.15733333333333333
4 0.66 0.44266666666666665 0.148 0.18666666666666665
4 0.729 0.34933333333333333 0.262 0.24
4 0.264 0.19466666666666665 0.096 0.13333333333333333
4 0.46 0.24 0.10400000000000001 0.128
4 0.612 0.18266666666666667 0.188 0.20533333333333334
4 0.719 0.09066666666666666 0.10200000000000001 0.12266666666666666
4 0.304 0.088 0.136 0.128
4 0.43 0.12 0.112 0.13333333333333333
4 0.524 0.048 0.18 0.096
4 0.214 0.028 0.088 0.056
4 0.339 0.021333333333333333 0.082 0.042666666666666665
