1 0.077 0.10960960960960961 0.046 0.06306306306306306
1 0.228 0.17867867867867868 0.044 0.05105105105105105
1 0.388 0.5795795795795796 0.052000000000000005 0.08408408408408408
1 0.431 0.6861861861861862 0.058 0.06306306306306306
1 0.31 0.8888888888888888 0.048 0.07807807807807808
1 0.375 0.13963963963963963 0.042 0.05105105105105105
1 0.55 0.17117117117117117 0.032 0.04804804804804805
1 0.8310000000000001 0.24024024024024024 0.034 0.04804804804804805
1 0.933 0.05555555555555555 0.03 0.057057057057057055
1 0.316 0.40540540540540543 0.032 0.06006006006006006
1 0.121 0.6906906906906907 0.034 0.04804804804804805
1 0.248 0.7822822822822822 0.04 0.057057057057057055
1 0.327 0.7372372372372372 0.034 0.05105105105105105
