0 0.429 0.3123123123123123 0.202 0.3003003003003003
0 0.305 0.16366366366366367 0.19 0.3033033033033033
0 0.439 0.7627627627627628 0.218 0.3003003003003003
0 0.811 0.9114114114114114 0.226 0.17117117117117117
0 0.267 0.933933933933934 0.20600000000000002 0.12612612612612611
0 0.129 0.6996996996996997 0.194 0.3963963963963964
0 0.032 0.7702702702702703 0.064 0.26126126126126126
0 0.137 0.3138138138138138 0.134 0.2132132132132132
0 0.191 0.25675675675675674 0.11 0.1831831831831832
0 0.799 0.47897897897897895 0.08600000000000001 0.11711711711711711
0 0.605 0.37537537537537535 0.066 0.09009009009009009
0 0.251 0.45795795795795796 0.078 0.09309309309309309
0 0.34400000000000003 0.539039039039039 0.1 0.17717717717717718
0 0.658 0.4444444444444444 0.076 0.1021021021021021
0 0.9460000000000001 0.8018018018018018 0.10400000000000001 0.32432432432432434
