0 0.053125000000000006 0.075 0.07500000000000001 0.10833333333333334
0 0.084375 0.025 0.08125 0.05
0 0.184375 0.08541666666666667 0.06875 0.0875
0 0.1203125 0.3 0.12187500000000001 0.24166666666666667
0 0.0671875 0.5 0.046875 0.075
0 0.08750000000000001 0.5708333333333333 0.05625 0.075
0 0.153125 0.59375 0.06875 0.0875
0 0.11875000000000001 0.5229166666666667 0.0625 0.07916666666666666
0 0.27187500000000003 0.4 0.2 0.24166666666666667
0 0.253125 0.19375 0.1625 0.2125
0 0.3296875 0.21041666666666667 0.09062500000000001 0.12916666666666665
0 0.40468750000000003 0.18958333333333333 0.09062500000000001 0.09583333333333333
0 0.4546875 0.29583333333333334 0.146875 0.15833333333333333
0 0.1125 0.8520833333333333 0.1375 0.1625
0 0.029687500000000002 0.8145833333333333 0.059375000000000004 0.1625
0 0.240625 0.8354166666666667 0.037500000000000006 0.07083333333333333
0 0.2921875 0.8666666666666667 0.053125000000000006 0.075
0 0.29375 0.8229166666666666 0.043750000000000004 0.05416666666666667
0 0.2671875 0.6604166666666667 0.059375000000000004 0.0875
0 0.32343750000000004 0.6729166666666666 0.07187500000000001 0.0875
0 0.278125 0.5875 0.0625 0.08333333333333333
0 0.37812500000000004 0.5270833333333333 0.08750000000000001 0.10416666666666667
0 0.4453125 0.84375 0.184375 0.19583333333333333
0 0.42500000000000004 0.9479166666666666 0.18125000000000002 0.09583333333333333
0 0.7015625000000001 0.8125 0.19062500000000002 0.21666666666666667
0 0.5953125 0.675 0.171875 0.225
0 0.41250000000000003 0.70625 0.05625 0.07916666666666666
0 0.3609375 0.7375 0.059375000000000004 0.06666666666666667
0 0.4578125 0.6979166666666666 0.07187500000000001 0.09583333333333333
0 0.42031250000000003 0.5875 0.065625 0.06666666666666667
0 0.415625 0.6604166666666667 0.06875 0.07083333333333333
0 0.5875 0.43124999999999997 0.08125 0.1125
0 0.6703125000000001 0.44375 0.065625 0.12083333333333333
0 0.8375 0.65625 0.15625 0.24583333333333332
0 0.7562500000000001 0.9375 0.17500000000000002 0.11666666666666667
0 0.9140625 0.9458333333333333 0.140625 0.1
0 0.8921875 0.8125 0.059375000000000004 0.09166666666666666
0 0.93125 0.70625 0.05625 0.10416666666666667
0 0.9671875000000001 0.725 0.059375000000000004 0.21666666666666667
0 0.784375 0.3729166666666667 0.18125000000000002 0.19583333333333333
0 0.9203125000000001 0.35 0.134375 0.23333333333333334
0 0.9593750000000001 0.33125 0.07500000000000001 0.14583333333333334
0 0.8265625000000001 0.15625 0.084375 0.12083333333333333
0 0.4375 0.09375 0.17500000000000002 0.1875
0 0.6015625 0.09583333333333333 0.10312500000000001 0.125
0 0.5484375 0.275 0.078125 0.10833333333333334
0 0.6046875 0.275 0.065625 0.125
0 0.940625 0.0625 0.1125 0.125
0 0.89375 0.1375 0.05625 0.09166666666666666
0 0.9421875000000001 0.1625 0.053125000000000006 0.09166666666666666
0 0.690625 0.17916666666666667 0.1 0.10833333333333334
0 0.6484375 0.25416666666666665 0.07187500000000001 0.075
0 0.721875 0.30625 0.05 0.07916666666666666
0 0.3875 0.025 0.08125 0.05
