4 0.015625 0.24152542372881355 0.03125 0.0847457627118644
4 0.037500000000000006 0.1843220338983051 0.043750000000000004 0.09745762711864407
4 0.06640625 0.2563559322033898 0.035937500000000004 0.08050847457627118
4 0.09921875000000001 0.260593220338983 0.035937500000000004 0.08050847457627118
4 0.15781250000000002 0.2076271186440678 0.03125 0.09322033898305085
4 0.20390625 0.19703389830508475 0.0390625 0.08050847457627118
4 0.25390625 0.2457627118644068 0.0765625 0.1016949152542373
4 0.325 0.23940677966101695 0.065625 0.09745762711864407
4 0.37031250000000004 0.2055084745762712 0.043750000000000004 0.13983050847457626
4 0.41328125000000004 0.2457627118644068 0.0390625 0.0847457627118644
4 0.4890625 0.22245762711864406 0.1125 0.13135593220338984
4 0.56796875 0.2055084745762712 0.045312500000000006 0.13983050847457626
4 0.61640625 0.2817796610169492 0.0421875 0.08050847457627118
4 0.64375 0.2245762711864407 0.046875 0.09322033898305085
4 0.11640625 0.5 0.06406250000000001 0.19491525423728814
4 0.0625 0.5550847457627118 0.034375 0.09322033898305085
4 0.0140625 0.5932203389830508 0.028125 0.13559322033898305
4 0.0703125 0.815677966101695 0.028125 0.09745762711864407
4 0.171875 0.4597457627118644 0.05625 0.1906779661016949
4 0.18671875000000002 0.5995762711864406 0.026562500000000003 0.08898305084745763
4 0.22187500000000002 0.548728813559322 0.040625 0.1059322033898305
4 0.21796875000000002 0.4067796610169492 0.029687500000000002 0.11016949152542373
4 0.265625 0.5444915254237288 0.046875 0.1906779661016949
4 0.30390625000000004 0.4724576271186441 0.0578125 0.1483050847457627
4 0.359375 0.5042372881355932 0.046875 0.22033898305084745
4 0.39921875 0.538135593220339 0.035937500000000004 0.09322033898305085
4 0.43125 0.527542372881356 0.05 0.1906779661016949
4 0.43984375000000003 0.3983050847457627 0.0390625 0.13559322033898305
4 0.49609375 0.5529661016949152 0.051562500000000004 0.11440677966101695
4 0.51484375 0.4724576271186441 0.0328125 0.09745762711864407
4 0.5398437500000001 0.6483050847457628 0.0546875 0.11016949152542373
4 0.509375 0.7627118644067796 0.028125 0.11016949152542373
4 0.55390625 0.527542372881356 0.0328125 0.11440677966101695
4 0.5953125 0.4894067796610169 0.034375 0.1059322033898305
4 0.61640625 0.4533898305084746 0.029687500000000002 0.11016949152542373
4 0.60859375 0.5847457627118644 0.035937500000000004 0.11864406779661017
4 0.64765625 0.5021186440677966 0.035937500000000004 0.11440677966101695
