4 0.140625 0.6462264150943396 0.28125 0.5283018867924528
4 0.49531250000000004 0.6674528301886792 0.44062500000000004 0.2688679245283019
4 0.3171875 0.8136792452830188 0.07187500000000001 0.1179245283018868
4 0.35781250000000003 0.45047169811320753 0.16562500000000002 0.1650943396226415
4 0.5125000000000001 0.33726415094339623 0.1875 0.24056603773584906
4 0.6421875 0.44575471698113206 0.16562500000000002 0.20283018867924527
4 0.7859375000000001 0.4811320754716981 0.16562500000000002 0.21698113207547168
4 0.7125 0.3089622641509434 0.11875000000000001 0.19339622641509432
4 0.821875 0.24764150943396226 0.13125 0.2122641509433962
4 0.9296875 0.45047169811320753 0.134375 0.23113207547169812
4 0.7562500000000001 0.6485849056603773 0.08125 0.1179245283018868
4 0.8953125000000001 0.6533018867924528 0.203125 0.18396226415094338
4 0.9281250000000001 0.25943396226415094 0.1375 0.22641509433962265
4 0.503125 0.49764150943396224 0.11875000000000001 0.08018867924528301
