0 0.594 0.8808664259927799 0.176 0.23104693140794225
0 0.3 0.6750902527075813 0.17200000000000001 0.26714801444043323
0 0.069 0.6877256317689531 0.134 0.22743682310469315
0 0.164 0.6985559566787004 0.132 0.16967509025270758
0 0.675 0.5848375451263538 0.11 0.18050541516245489
0 0.837 0.8826714801444043 0.182 0.19855595667870038
0 0.8240000000000001 0.7238267148014441 0.1 0.11913357400722022
0 0.325 0.8610108303249098 0.134 0.20577617328519857
0 0.4 0.7021660649819494 0.088 0.11191335740072203
0 0.421 0.5649819494584838 0.074 0.09025270758122744
0 0.491 0.22382671480144406 0.126 0.20216606498194947
0 0.658 0.27256317689530685 0.132 0.18411552346570398
0 0.161 0.4584837545126354 0.074 0.12274368231046932
0 0.261 0.38267148014440433 0.098 0.09386281588447654
0 0.219 0.47472924187725635 0.066 0.09025270758122744
0 0.261 0.4476534296028881 0.074 0.10108303249097474
0 0.354 0.444043321299639 0.132 0.12996389891696752
0 0.56 0.3104693140794224 0.088 0.12996389891696752
0 0.589 0.2545126353790614 0.09 0.11913357400722022
0 0.907 0.296028880866426 0.15 0.19494584837545126
0 0.63 0.44223826714801445 0.092 0.11191335740072203
0 0.763 0.40072202166064985 0.138 0.11552346570397112
0 0.812 0.27075812274368233 0.092 0.1588447653429603
0 0.9580000000000001 0.47653429602888087 0.07200000000000001 0.08664259927797835
0 0.794 0.6263537906137184 0.076 0.09747292418772563
0 0.884 0.6299638989169676 0.088 0.11191335740072203
0 0.859 0.47653429602888087 0.082 0.08664259927797835
0 0.785 0.5 0.098 0.09747292418772563
0 0.47500000000000003 0.5198555956678701 0.082 0.10830324909747292
0 0.47600000000000003 0.3736462093862816 0.096 0.09025270758122744
0 0.499 0.09927797833935019 0.998 0.19855595667870038
0 0.163 0.29783393501805056 0.082 0.1263537906137184
0 0.244 0.2851985559566787 0.088 0.07942238267148015
0 0.318 0.2220216606498195 0.112 0.06137184115523466
0 0.399 0.29422382671480146 0.058 0.11191335740072203
0 0.094 0.25992779783393505 0.048 0.07220216606498195
0 0.062 0.444043321299639 0.124 0.2527075812274368
