0 0.04427083333333333 0.14791666666666667 0.08854166666666666 0.12083333333333333
0 0.4348958333333333 0.03125 0.11979166666666666 0.05416666666666667
0 0.5911458333333333 0.11458333333333333 0.08854166666666666 0.05416666666666667
0 0.71875 0.14375 0.09375 0.05416666666666667
0 0.7604166666666666 0.052083333333333336 0.17708333333333331 0.09583333333333333
0 0.9505208333333333 0.25 0.08854166666666666 0.08333333333333333
0 0.8151041666666666 0.3 0.203125 0.1
0 0.9166666666666666 0.5854166666666667 0.15625 0.14583333333333334
0 0.6770833333333333 0.525 0.34375 0.20833333333333334
0 0.6041666666666666 0.7958333333333333 0.29166666666666663 0.18333333333333332
0 0.18229166666666666 0.8583333333333333 0.21875 0.13333333333333333
0 0.09895833333333333 0.42291666666666666 0.19791666666666666 0.12916666666666665
0 0.3723958333333333 0.27708333333333335 0.296875 0.12916666666666665
0 0.3411458333333333 0.36666666666666664 0.15104166666666666 0.1
0 0.44010416666666663 0.41875 0.11979166666666666 0.07916666666666666
0 0.5963541666666666 0.28125 0.171875 0.0875
0 0.6171875 0.2 0.16145833333333331 0.06666666666666667
