0 0.015625 0.23541666666666666 0.03125 0.05416666666666667
0 0.0703125 0.275 0.059375000000000004 0.05
0 0.021875000000000002 0.38125 0.043750000000000004 0.0625
0 0.1125 0.45416666666666666 0.14375000000000002 0.11666666666666667
0 0.2 0.12916666666666665 0.06875 0.058333333333333334
0 0.1953125 0.24166666666666667 0.053125000000000006 0.058333333333333334
0 0.215625 0.19583333333333333 0.05 0.041666666666666664
0 0.34218750000000003 0.09791666666666667 0.046875 0.0375
0 0.31562500000000004 0.14166666666666666 0.043750000000000004 0.05
0 0.284375 0.17291666666666666 0.037500000000000006 0.0375
0 0.3125 0.19791666666666666 0.05625 0.04583333333333333
0 0.3671875 0.16875 0.053125000000000006 0.04583333333333333
0 0.26406250000000003 0.25625 0.053125000000000006 0.05416666666666667
0 0.26406250000000003 0.30625 0.046875 0.04583333333333333
0 0.3125 0.30416666666666664 0.05625 0.058333333333333334
0 0.2578125 0.41875 0.140625 0.1625
0 0.3828125 0.47291666666666665 0.096875 0.0625
0 0.08281250000000001 0.6854166666666667 0.059375000000000004 0.0625
0 0.1609375 0.6958333333333333 0.07187500000000001 0.125
0 0.22031250000000002 0.7104166666666667 0.065625 0.05416666666666667
0 0.2328125 0.8041666666666667 0.053125000000000006 0.058333333333333334
0 0.28750000000000003 0.85 0.05625 0.058333333333333334
0 0.27968750000000003 0.69375 0.059375000000000004 0.07083333333333333
0 0.2328125 0.6125 0.046875 0.058333333333333334
0 0.1796875 0.5645833333333333 0.053125000000000006 0.05416666666666667
0 0.2609375 0.55 0.053125000000000006 0.041666666666666664
0 0.40468750000000003 0.55 0.053125000000000006 0.058333333333333334
0 0.34218750000000003 0.6458333333333334 0.059375000000000004 0.06666666666666667
0 0.4109375 0.6958333333333333 0.065625 0.06666666666666667
0 0.4609375 0.6583333333333333 0.059375000000000004 0.058333333333333334
0 0.40156250000000004 0.7875 0.065625 0.10833333333333334
0 0.40156250000000004 0.875 0.046875 0.06666666666666667
0 0.34218750000000003 0.8604166666666666 0.053125000000000006 0.0625
0 0.47500000000000003 0.8770833333333333 0.07500000000000001 0.0625
0 0.49531250000000004 0.9333333333333333 0.053125000000000006 0.06666666666666667
0 0.5281250000000001 0.6354166666666666 0.0625 0.0625
0 0.5703125 0.6791666666666667 0.046875 0.058333333333333334
0 0.5750000000000001 0.76875 0.0625 0.10416666666666667
0 0.6156250000000001 0.8125 0.05 0.05
0 0.65 0.93125 0.08750000000000001 0.1125
0 0.5671875000000001 0.9333333333333333 0.040625 0.06666666666666667
0 0.6781250000000001 0.7333333333333333 0.05 0.058333333333333334
0 0.6843750000000001 0.6416666666666666 0.05625 0.058333333333333334
0 0.728125 0.5895833333333333 0.043750000000000004 0.05416666666666667
0 0.3515625 0.35833333333333334 0.053125000000000006 0.058333333333333334
0 0.3796875 0.40625 0.053125000000000006 0.04583333333333333
0 0.41718750000000004 0.27708333333333335 0.084375 0.05416666666666667
0 0.49843750000000003 0.30625 0.059375000000000004 0.04583333333333333
0 0.478125 0.3625 0.05625 0.05
0 0.4625 0.4791666666666667 0.05625 0.09166666666666666
0 0.5609375 0.09583333333333333 0.046875 0.05
0 0.5984375000000001 0.11458333333333333 0.053125000000000006 0.0625
0 0.603125 0.18958333333333333 0.05 0.05416666666666667
0 0.625 0.28125 0.043750000000000004 0.05416666666666667
0 0.6515625 0.31875 0.059375000000000004 0.0625
0 0.728125 0.3375 0.0625 0.058333333333333334
0 0.7000000000000001 0.3875 0.05 0.05
0 0.71875 0.44375 0.06875 0.0625
0 0.7765625 0.5375 0.065625 0.1
0 0.5359375000000001 0.025 0.046875 0.05
0 0.6125 0.027083333333333334 0.037500000000000006 0.04583333333333333
0 0.8031250000000001 0.06875 0.07500000000000001 0.0625
0 0.7859375000000001 0.2520833333333333 0.040625 0.05416666666666667
0 0.8812500000000001 0.28125 0.05 0.0625
0 0.8578125000000001 0.1625 0.040625 0.041666666666666664
0 0.978125 0.3208333333333333 0.037500000000000006 0.058333333333333334
0 0.978125 0.25416666666666665 0.037500000000000006 0.05
0 0.8796875000000001 0.36666666666666664 0.040625 0.058333333333333334
0 0.8375 0.41875 0.05 0.0625
0 0.8859375 0.5208333333333334 0.053125000000000006 0.058333333333333334
0 0.8968750000000001 0.5791666666666666 0.05 0.075
0 0.9625 0.5854166666666667 0.05 0.05416666666666667
0 0.9640625 0.4791666666666667 0.053125000000000006 0.05
0 0.971875 0.6666666666666666 0.05 0.06666666666666667
0 0.8125 0.6666666666666666 0.043750000000000004 0.058333333333333334
0 0.83125 0.5541666666666667 0.05 0.058333333333333334
0 0.8046875 0.34791666666666665 0.046875 0.05416666666666667
0 0.4703125 0.5625 0.046875 0.05
