2 0.0390625 0.576923076923077 0.078125 0.12820512820512822
2 0.1375 0.7970085470085471 0.275 0.39743589743589747
2 0.3671875 0.6068376068376069 0.309375 0.2478632478632479
2 0.34687500000000004 0.9487179487179488 0.1125 0.09401709401709403
2 0.5203125000000001 0.8205128205128206 0.290625 0.35042735042735046
2 0.634375 0.5598290598290598 0.11875000000000001 0.15384615384615385
2 0.83125 0.7500000000000001 0.07500000000000001 0.08974358974358976
2 0.790625 0.8376068376068377 0.09375 0.12820512820512822
2 0.7859375000000001 0.9401709401709403 0.10312500000000001 0.11111111111111112
2 0.8703125 0.5277777777777778 0.140625 0.17521367521367523
2 0.9656250000000001 0.6132478632478633 0.0625 0.14102564102564105
2 0.7984375 0.35042735042735046 0.109375 0.13675213675213677
2 0.9125000000000001 0.420940170940171 0.08750000000000001 0.12393162393162395
2 0.8390625 0.15170940170940173 0.31562500000000004 0.30341880341880345
2 0.50625 0.16666666666666669 0.35625 0.33333333333333337
2 0.2421875 0.11965811965811968 0.253125 0.23931623931623935
2 0.16875 0.4017094017094017 0.1875 0.3247863247863248
2 0.2828125 0.4102564102564103 0.084375 0.17094017094017094
