3 0.58125 0.73125 0.1125 0.10416666666666667
3 0.49843750000000003 0.14583333333333334 0.9968750000000001 0.2916666666666667
3 0.3921875 0.3104166666666667 0.07187500000000001 0.0875
3 0.9343750000000001 0.29375 0.125 0.0875
3 0.7953125000000001 0.49166666666666664 0.403125 0.375
3 0.1296875 0.4708333333333333 0.259375 0.36666666666666664
3 0.37343750000000003 0.46041666666666664 0.09062500000000001 0.10416666666666667
3 0.48125 0.5583333333333333 0.16875 0.125
3 0.4734375 0.31875 0.053125000000000006 0.09583333333333333
3 0.58125 0.3625 0.05625 0.08333333333333333
