4 0.2421875 0.9061032863849765 0.215625 0.1784037558685446
4 0.7468750000000001 0.5375586854460094 0.1875 0.19248826291079812
4 0.5828125000000001 0.38497652582159625 0.15937500000000002 0.1971830985915493
4 0.2921875 0.255868544600939 0.184375 0.18309859154929578
4 0.0328125 0.29577464788732394 0.065625 0.18779342723004694
4 0.7921875 0.3826291079812207 0.146875 0.18309859154929578
4 0.8500000000000001 0.3145539906103286 0.15625 0.18779342723004694
4 0.20625000000000002 0.09154929577464789 0.25 0.18309859154929578
4 0.8562500000000001 0.1267605633802817 0.225 0.2535211267605634
4 0.4453125 0.06807511737089202 0.109375 0.13615023474178403
4 0.546875 0.10093896713615023 0.11875000000000001 0.15492957746478875
4 0.11406250000000001 0.284037558685446 0.10312500000000001 0.15492957746478875
