1 0.17500000000000002 0.7912912912912913 0.14200000000000002 0.16516516516516516
1 0.292 0.7672672672672672 0.10400000000000001 0.14114114114114115
1 0.714 0.7747747747747747 0.124 0.15615615615615616
1 0.613 0.7852852852852853 0.09 0.12312312312312312
1 0.896 0.5315315315315315 0.116 0.16216216216216217
1 0.8160000000000001 0.6366366366366366 0.108 0.13813813813813813
1 0.659 0.5405405405405406 0.08600000000000001 0.10810810810810811
1 0.458 0.7027027027027027 0.092 0.1021021021021021
1 0.39 0.6081081081081081 0.08 0.09309309309309309
1 0.399 0.34984984984984985 0.106 0.13513513513513514
1 0.232 0.3813813813813814 0.10400000000000001 0.14414414414414414
1 0.111 0.35285285285285284 0.10200000000000001 0.12912912912912913
1 0.605 0.12012012012012012 0.09 0.12012012012012012
