3 0.502 0.6085409252669038 0.992 0.4128113879003559
3 0.6970000000000001 0.8327402135231317 0.062 0.09252669039145907
3 0.27 0.7989323843416369 0.052000000000000005 0.09608540925266904
3 0.42 0.8701067615658362 0.064 0.11032028469750889
3 0.562 0.8612099644128114 0.048 0.099644128113879
3 0.486 0.8238434163701067 0.052000000000000005 0.07473309608540925
3 0.914 0.8274021352313167 0.096 0.09608540925266904
3 0.748 0.8790035587188612 0.028 0.07117437722419928
3 0.805 0.8185053380782917 0.034 0.06405693950177936
3 0.356 0.9608540925266903 0.032 0.07117437722419928
3 0.149 0.8327402135231317 0.038 0.10676156583629892
3 0.61 0.8131672597864769 0.032 0.07473309608540925
