3 0.7390625000000001 0.6229166666666667 0.390625 0.42083333333333334
3 0.8640625000000001 0.8083333333333333 0.215625 0.2583333333333333
3 0.1234375 0.7958333333333333 0.15937500000000002 0.24166666666666667
3 0.025 0.7833333333333333 0.05 0.21666666666666667
3 0.496875 0.30625 0.99375 0.45416666666666666
3 0.1015625 0.60625 0.203125 0.14583333333333334
3 0.34687500000000004 0.6125 0.17500000000000002 0.15833333333333333
3 0.5234375 0.63125 0.134375 0.20416666666666666
3 0.30000000000000004 0.775 0.125 0.15833333333333333
3 0.23750000000000002 0.6604166666666667 0.05625 0.10416666666666667
