0 0.299 0.5720720720720721 0.13 0.17117117117117117
0 0.403 0.506006006006006 0.11 0.10510510510510511
0 0.433 0.6531531531531531 0.10200000000000001 0.12912912912912913
0 0.515 0.7627627627627628 0.094 0.11411411411411411
0 0.5740000000000001 0.5075075075075075 0.1 0.05405405405405406
0 0.635 0.5780780780780781 0.11800000000000001 0.14114114114114115
0 0.74 0.5525525525525525 0.076 0.1021021021021021
0 0.842 0.5570570570570571 0.056 0.1111111111111111
0 0.8 0.6651651651651651 0.116 0.14714714714714713
0 0.88 0.8078078078078078 0.076 0.07807807807807808
0 0.9590000000000001 0.8003003003003003 0.078 0.09309309309309309
