0 0.368 0.3228228228228228 0.184 0.1111111111111111
0 0.314 0.4744744744744745 0.18 0.18618618618618618
0 0.289 0.9114114114114114 0.23 0.17117117117117117
0 0.453 0.8423423423423423 0.166 0.15915915915915915
0 0.6960000000000001 0.6381381381381381 0.176 0.11711711711711711
0 0.716 0.33483483483483484 0.188 0.14114114114114115
0 0.712 0.506006006006006 0.184 0.2072072072072072
0 0.907 0.3993993993993994 0.074 0.12012012012012012
0 0.9520000000000001 0.6216216216216216 0.092 0.13213213213213212
0 0.804 0.7507507507507507 0.156 0.10810810810810811
0 0.896 0.8558558558558559 0.20400000000000001 0.25225225225225223
0 0.803 0.9519519519519519 0.08600000000000001 0.09009009009009009
0 0.40800000000000003 0.6426426426426426 0.124 0.15015015015015015
0 0.125 0.7627627627627628 0.062 0.09009009009009009
0 0.335 0.7642642642642643 0.05 0.08108108108108109
0 0.677 0.21171171171171171 0.058 0.08108108108108109
