3 0.061 0.1966966966966967 0.122 0.24924924924924924
3 0.214 0.26726726726726724 0.156 0.24624624624624625
3 0.968 0.3288288288288288 0.06 0.10510510510510511
3 0.904 0.4219219219219219 0.07200000000000001 0.12912912912912913
3 0.874 0.3228228228228228 0.132 0.12912912912912913
3 0.8190000000000001 0.4444444444444444 0.042 0.11411411411411411
3 0.6960000000000001 0.3768768768768769 0.20800000000000002 0.2552552552552553
3 0.403 0.44744744744744747 0.17 0.14414414414414414
3 0.556 0.45795795795795796 0.076 0.11711711711711711
3 0.021 0.7627627627627628 0.042 0.13213213213213212
