0 0.040625 0.08685446009389672 0.08125 0.15492957746478875
0 0.046875 0.20187793427230047 0.09375 0.1784037558685446
0 0.15625 0.14788732394366197 0.14375000000000002 0.2112676056338028
0 0.41875 0.107981220657277 0.15000000000000002 0.1784037558685446
0 0.246875 0.27230046948356806 0.125 0.14084507042253522
0 0.2609375 0.4483568075117371 0.178125 0.26760563380281693
0 0.15937500000000002 0.471830985915493 0.1125 0.20187793427230047
0 0.503125 0.5 0.2 0.25821596244131456
0 0.83125 0.2136150234741784 0.18125000000000002 0.23943661971830987
0 0.8812500000000001 0.3544600938967136 0.13125 0.24882629107981222
0 0.6671875 0.12441314553990611 0.140625 0.18309859154929578
0 0.8093750000000001 0.06807511737089202 0.225 0.13615023474178403
0 0.7453125 0.5915492957746479 0.09062500000000001 0.12206572769953052
0 0.8140625 0.7370892018779343 0.115625 0.16901408450704225
0 0.7468750000000001 0.7793427230046949 0.08750000000000001 0.13145539906103287
0 0.6531250000000001 0.6408450704225352 0.14375000000000002 0.2112676056338028
0 0.5 0.34507042253521125 0.15625 0.14553990610328638
0 0.6125 0.3051643192488263 0.19375 0.29107981220657275
