3 0.636 0.1148036253776435 0.084 0.18731117824773413
3 0.646 0.243202416918429 0.06 0.0634441087613293
3 0.528 0.3429003021148036 0.064 0.1540785498489426
3 0.487 0.5498489425981873 0.074 0.16314199395770393
3 0.529 0.6903323262839879 0.106 0.16012084592145015
3 0.553 0.9108761329305136 0.05 0.1419939577039275
3 0.794 0.08006042296072508 0.096 0.1540785498489426
3 0.937 0.1042296072507553 0.058 0.09365558912386707
3 0.597 0.5800604229607251 0.042 0.1148036253776435
3 0.705 0.9501510574018127 0.046 0.09365558912386707
