3 0.49843750000000003 0.2323943661971831 0.9968750000000001 0.4647887323943662
3 0.0859375 0.47887323943661975 0.084375 0.14084507042253522
3 0.026562500000000003 0.6924882629107981 0.053125000000000006 0.15492957746478875
3 0.14375000000000002 0.6690140845070423 0.125 0.26760563380281693
3 0.25625000000000003 0.6408450704225352 0.1 0.24882629107981222
3 0.36875 0.6807511737089202 0.11875000000000001 0.3192488262910798
3 0.509375 0.7323943661971831 0.1375 0.1971830985915493
3 0.49843750000000003 0.568075117370892 0.096875 0.1596244131455399
3 0.6312500000000001 0.607981220657277 0.1 0.15492957746478875
3 0.7171875000000001 0.57981220657277 0.09062500000000001 0.15492957746478875
3 0.7234375000000001 0.7934272300469484 0.146875 0.18779342723004694
3 0.8546875 0.6314553990610329 0.19062500000000002 0.3333333333333333
3 0.8718750000000001 0.5915492957746479 0.1125 0.16901408450704225
3 0.9734375000000001 0.784037558685446 0.046875 0.1596244131455399
3 0.95625 0.9295774647887324 0.08125 0.13145539906103287
3 0.06875 0.931924882629108 0.1375 0.1267605633802817
