4 0.7203125 0.7347417840375587 0.171875 0.3051643192488263
4 0.5078125 0.57981220657277 0.07187500000000001 0.13615023474178403
4 0.5828125000000001 0.6948356807511737 0.12812500000000002 0.24413145539906103
4 0.496875 0.7981220657276995 0.0625 0.11267605633802817
4 0.6234375000000001 0.9530516431924883 0.115625 0.08450704225352113
4 0.3359375 0.9671361502347418 0.084375 0.056338028169014086
4 0.0421875 0.9154929577464789 0.084375 0.1596244131455399
4 0.21250000000000002 0.8943661971830986 0.09375 0.13615023474178403
4 0.2921875 0.8004694835680751 0.059375000000000004 0.0892018779342723
4 0.3671875 0.8098591549295775 0.059375000000000004 0.07042253521126761
4 0.2625 0.6784037558685446 0.11875000000000001 0.18309859154929578
4 0.1546875 0.6807511737089202 0.153125 0.2535211267605634
4 0.2765625 0.40610328638497656 0.096875 0.19248826291079812
4 0.026562500000000003 0.4835680751173709 0.053125000000000006 0.1784037558685446
4 0.096875 0.5140845070422535 0.09375 0.15492957746478875
4 0.22187500000000002 0.5164319248826291 0.10625000000000001 0.1784037558685446
4 0.3140625 0.5469483568075117 0.053125000000000006 0.1267605633802817
4 0.3640625 0.5234741784037559 0.040625 0.07042253521126761
4 0.037500000000000006 0.22769953051643194 0.07500000000000001 0.19248826291079812
4 0.07968750000000001 0.3333333333333333 0.059375000000000004 0.11267605633802817
4 0.14375000000000002 0.29107981220657275 0.06875 0.11267605633802817
4 0.12812500000000002 0.3943661971830986 0.06875 0.08450704225352113
4 0.10312500000000001 0.12206572769953052 0.05 0.08450704225352113
4 0.1390625 0.18309859154929578 0.046875 0.07511737089201878
4 0.2234375 0.38967136150234744 0.059375000000000004 0.1784037558685446
4 0.3140625 0.2887323943661972 0.16562500000000002 0.17370892018779344
4 0.3140625 0.19014084507042253 0.053125000000000006 0.07042253521126761
4 0.4375 0.15492957746478875 0.18125000000000002 0.13145539906103287
4 0.478125 0.3779342723004695 0.1625 0.3615023474178404
4 0.5859375 0.3544600938967136 0.10312500000000001 0.13615023474178403
4 0.5984375000000001 0.4953051643192488 0.07187500000000001 0.13615023474178403
4 0.7000000000000001 0.38028169014084506 0.1125 0.13145539906103287
4 0.6890625 0.4835680751173709 0.053125000000000006 0.09389671361502347
4 0.8125 0.46009389671361506 0.08750000000000001 0.14084507042253522
4 0.9281250000000001 0.431924882629108 0.1375 0.26291079812206575
4 0.9484375 0.20892018779342725 0.096875 0.19248826291079812
4 0.6312500000000001 0.17136150234741784 0.18125000000000002 0.23943661971830987
4 0.78125 0.26291079812206575 0.1625 0.20657276995305165
4 0.815625 0.11267605633802817 0.125 0.22535211267605634
