0 0.046 0.10960960960960961 0.092 0.21921921921921922
0 0.06 0.46396396396396394 0.108 0.23123123123123124
0 0.215 0.07807807807807808 0.182 0.15615615615615616
0 0.209 0.25675675675675674 0.134 0.26126126126126126
0 0.28800000000000003 0.2042042042042042 0.116 0.22822822822822822
0 0.385 0.13363363363363362 0.134 0.2012012012012012
0 0.34500000000000003 0.23573573573573572 0.13 0.23123123123123124
0 0.42 0.2927927927927928 0.10400000000000001 0.17717717717717718
0 0.244 0.5615615615615616 0.164 0.24624624624624625
0 0.296 0.43993993993993996 0.132 0.19519519519519518
0 0.402 0.43843843843843844 0.116 0.21621621621621623
0 0.386 0.6396396396396397 0.124 0.18618618618618618
0 0.423 0.545045045045045 0.10200000000000001 0.17117117117117117
0 0.421 0.8768768768768769 0.098 0.16816816816816815
0 0.47900000000000004 0.6186186186186187 0.07 0.16216216216216217
0 0.453 0.0960960960960961 0.082 0.13213213213213212
0 0.546 0.13213213213213212 0.112 0.2042042042042042
0 0.51 0.2702702702702703 0.07200000000000001 0.13813813813813813
0 0.505 0.42342342342342343 0.054 0.16216216216216217
0 0.58 0.7147147147147147 0.064 0.15615615615615616
0 0.656 0.7222222222222222 0.076 0.1831831831831832
0 0.667 0.9564564564564565 0.08600000000000001 0.08108108108108109
0 0.756 0.22972972972972971 0.1 0.2132132132132132
0 0.754 0.09309309309309309 0.116 0.16816816816816815
0 0.8300000000000001 0.09759759759759759 0.076 0.19519519519519518
0 0.925 0.05405405405405406 0.146 0.10810810810810811
0 0.915 0.19369369369369369 0.066 0.17117117117117117
0 0.963 0.24924924924924924 0.066 0.1981981981981982
0 0.868 0.3258258258258258 0.092 0.2072072072072072
