0 0.240625 0.3088235294117647 0.2625 0.36554621848739494
0 0.3640625 0.2857142857142857 0.19687500000000002 0.3025210084033613
0 0.209375 0.6092436974789915 0.21875 0.2857142857142857
0 0.3671875 0.7647058823529411 0.15937500000000002 0.226890756302521
0 0.35468750000000004 0.48739495798319327 0.184375 0.23529411764705882
0 0.4765625 0.2584033613445378 0.146875 0.2226890756302521
0 0.6843750000000001 0.32983193277310924 0.16875 0.24789915966386553
0 0.6296875000000001 0.1407563025210084 0.203125 0.18067226890756302
0 0.6515625 0.6596638655462185 0.215625 0.2857142857142857
0 0.7453125 0.5735294117647058 0.16562500000000002 0.2226890756302521
0 0.7609375 0.8298319327731092 0.215625 0.2899159663865546
