3 0.1411764705882353 0.8395833333333333 0.18823529411764706 0.1375
3 0.3382352941176471 0.7291666666666666 0.1588235294117647 0.1
3 0.1264705882352941 0.5041666666666667 0.1 0.125
3 0.2088235294117647 0.3541666666666667 0.13529411764705881 0.125
3 0.3058823529411765 0.23333333333333334 0.27058823529411763 0.18333333333333332
3 0.4323529411764706 0.15 0.3 0.23333333333333334
3 0.6882352941176471 0.14166666666666666 0.15294117647058825 0.18333333333333332
3 0.65 0.3375 0.20588235294117646 0.15833333333333333
3 0.48823529411764705 0.58125 0.2 0.17083333333333334
3 0.7823529411764706 0.6395833333333333 0.15294117647058825 0.12916666666666665
3 0.6941176470588235 0.91875 0.21176470588235294 0.15416666666666667
