4 0.929 0.8513513513513513 0.126 0.14714714714714713
4 0.642 0.7582582582582582 0.128 0.12912912912912913
4 0.68 0.8483483483483484 0.084 0.11711711711711711
4 0.712 0.9309309309309309 0.12 0.12612612612612611
4 0.467 0.9459459459459459 0.11800000000000001 0.1021021021021021
4 0.33 0.8648648648648649 0.108 0.15015015015015015
4 0.326 0.7387387387387387 0.112 0.16816816816816815
4 0.426 0.596096096096096 0.084 0.14714714714714713
4 0.47700000000000004 0.5180180180180181 0.13 0.15315315315315314
4 0.5660000000000001 0.6066066066066066 0.056 0.1021021021021021
4 0.718 0.5570570570570571 0.056 0.08708708708708708
4 0.872 0.6141141141141141 0.1 0.10510510510510511
4 0.975 0.524024024024024 0.046 0.17717717717717718
4 0.659 0.4249249249249249 0.078 0.10510510510510511
4 0.76 0.4069069069069069 0.08 0.10510510510510511
4 0.837 0.41291291291291293 0.066 0.12312312312312312
4 0.9400000000000001 0.3783783783783784 0.068 0.10810810810810811
4 0.904 0.2702702702702703 0.188 0.12612612612612611
4 0.098 0.8123123123123123 0.06 0.10510510510510511
4 0.234 0.8558558558558559 0.06 0.10810810810810811
4 0.088 0.9429429429429429 0.176 0.10810810810810811
4 0.07200000000000001 0.4924924924924925 0.076 0.11411411411411411
4 0.168 0.5840840840840841 0.116 0.12312312312312312
4 0.229 0.47147147147147145 0.178 0.13213213213213212
4 0.293 0.4009009009009009 0.05 0.08108108108108109
4 0.291 0.545045045045045 0.062 0.1111111111111111
4 0.152 0.28378378378378377 0.188 0.2072072072072072
4 0.369 0.16066066066066065 0.266 0.3213213213213213
4 0.656 0.11261261261261261 0.308 0.22522522522522523
4 0.899 0.1066066066066066 0.198 0.2132132132132132
4 0.586 0.26876876876876876 0.084 0.09309309309309309
4 0.634 0.34384384384384387 0.07200000000000001 0.06906906906906907
4 0.719 0.35585585585585583 0.058 0.08108108108108109
4 0.672 0.2747747747747748 0.084 0.10510510510510511
4 0.542 0.37237237237237236 0.052000000000000005 0.07807807807807808
4 0.11800000000000001 0.09309309309309309 0.23600000000000002 0.18618618618618618
4 0.463 0.3333333333333333 0.054 0.06606606606606606
