4 0.488 0.6696696696696697 0.176 0.18018018018018017
4 0.145 0.6381381381381381 0.158 0.2072072072072072
4 0.11900000000000001 0.9189189189189189 0.126 0.15615615615615616
4 0.25 0.9114114114114114 0.12 0.17117117117117117
4 0.47000000000000003 0.9174174174174174 0.192 0.15915915915915915
4 0.649 0.9204204204204204 0.17 0.15315315315315314
4 0.6900000000000001 0.6201201201201201 0.224 0.3033033033033033
4 0.852 0.42792792792792794 0.292 0.24924924924924924
4 0.908 0.3288288288288288 0.152 0.21921921921921922
4 0.681 0.45495495495495497 0.078 0.14114114114114115
4 0.487 0.48348348348348347 0.17400000000000002 0.1921921921921922
4 0.509 0.3858858858858859 0.098 0.16516516516516516
4 0.546 0.21021021021021022 0.14 0.1921921921921922
4 0.678 0.2972972972972973 0.156 0.16816816816816815
4 0.898 0.11261261261261261 0.2 0.22522522522522523
4 0.684 0.11411411411411411 0.228 0.22822822822822822
4 0.46 0.057057057057057055 0.228 0.11411411411411411
4 0.396 0.16216216216216217 0.084 0.13213213213213212
4 0.438 0.23423423423423423 0.1 0.15615615615615616
4 0.51 0.13663663663663664 0.084 0.11711711711711711
4 0.34800000000000003 0.3213213213213213 0.08 0.13213213213213212
4 0.116 0.48648648648648646 0.18 0.18018018018018017
4 0.068 0.38288288288288286 0.10400000000000001 0.15315315315315314
4 0.049 0.25375375375375375 0.098 0.15915915915915915
4 0.218 0.21621621621621623 0.216 0.22822822822822822
4 0.20400000000000001 0.09759759759759759 0.064 0.08108108108108109
4 0.049 0.1006006006006006 0.098 0.19519519519519518
4 0.132 0.07207207207207207 0.088 0.1021021021021021
4 0.148 0.3813813813813814 0.084 0.08408408408408408
