2 0.11406250000000001 0.4846491228070175 0.184375 0.293859649122807
2 0.209375 0.5921052631578947 0.225 0.3684210526315789
2 0.33906250000000004 0.48026315789473684 0.171875 0.2587719298245614
2 0.240625 0.3289473684210526 0.16875 0.19298245614035087
2 0.42031250000000003 0.26973684210526316 0.16562500000000002 0.2324561403508772
2 0.45156250000000003 0.4276315789473684 0.12187500000000001 0.2149122807017544
2 0.540625 0.5942982456140351 0.25625000000000003 0.39035087719298245
2 0.7140625 0.6491228070175439 0.209375 0.3684210526315789
2 0.8734375000000001 0.6688596491228069 0.19062500000000002 0.3289473684210526
2 0.8484375000000001 0.4364035087719298 0.203125 0.2675438596491228
2 0.65 0.3157894736842105 0.275 0.32456140350877194
