4 0.40937500000000004 0.50836820083682 0.21875 0.28033472803347276
4 0.5640625 0.39958158995815896 0.178125 0.2719665271966527
4 0.6312500000000001 0.5815899581589957 0.2 0.23430962343096232
4 0.696875 0.7426778242677824 0.15625 0.1799163179916318
4 0.7515625 0.48953974895397484 0.146875 0.21757322175732216
4 0.8671875 0.40794979079497906 0.171875 0.2301255230125523
4 0.6578125 0.1317991631799163 0.12812500000000002 0.18828451882845187
4 0.7609375 0.21129707112970708 0.109375 0.1631799163179916
4 0.33437500000000003 0.33682008368200833 0.1625 0.22175732217573219
4 0.5046875000000001 0.20920502092050208 0.184375 0.27615062761506276
4 0.8453125 0.3158995815899581 0.146875 0.1631799163179916
