4 0.101 0.4367283950617284 0.202 0.29320987654320985
4 0.262 0.41820987654320985 0.136 0.3117283950617284
4 0.166 0.28703703703703703 0.108 0.2345679012345679
4 0.256 0.2391975308641975 0.10400000000000001 0.21296296296296297
4 0.385 0.30864197530864196 0.134 0.32098765432098764
4 0.49 0.3765432098765432 0.1 0.26543209876543206
4 0.578 0.2762345679012346 0.10400000000000001 0.2685185185185185
4 0.621 0.41820987654320985 0.154 0.2561728395061728
4 0.763 0.48148148148148145 0.17 0.26543209876543206
4 0.769 0.2854938271604938 0.186 0.24382716049382713
4 0.87 0.470679012345679 0.096 0.27469135802469136
4 0.641 0.12345679012345678 0.078 0.19135802469135801
4 0.926 0.3611111111111111 0.14400000000000002 0.19135802469135801
