4 0.7453125 0.7166666666666667 0.12187500000000001 0.325
4 0.24531250000000002 0.55 0.053125000000000006 0.11666666666666667
4 0.06406250000000001 0.6604166666666667 0.12812500000000002 0.29583333333333334
4 0.1875 0.6958333333333333 0.1125 0.24166666666666667
4 0.309375 0.8020833333333334 0.14375000000000002 0.37083333333333335
4 0.43125 0.9270833333333334 0.1625 0.1375
4 0.38593750000000004 0.6270833333333333 0.12187500000000001 0.14583333333333334
4 0.4578125 0.73125 0.065625 0.22916666666666666
4 0.546875 0.65625 0.10625000000000001 0.1375
4 0.6312500000000001 0.6645833333333333 0.0625 0.15416666666666667
4 0.8187500000000001 0.625 0.043750000000000004 0.125
4 0.9031250000000001 0.7145833333333333 0.09375 0.30416666666666664
4 0.9640625 0.6375 0.065625 0.19166666666666665
