4 0.6921875000000001 0.7300469483568075 0.15937500000000002 0.29577464788732394
4 0.8453125 0.5305164319248826 0.09062500000000001 0.1784037558685446
4 0.9515625000000001 0.26760563380281693 0.09062500000000001 0.1784037558685446
4 0.859375 0.3474178403755869 0.08750000000000001 0.15023474178403756
4 0.6531250000000001 0.6103286384976526 0.05625 0.12206572769953052
4 0.7421875 0.38028169014084506 0.15937500000000002 0.3192488262910798
4 0.5125000000000001 0.2605633802816901 0.10625000000000001 0.20187793427230047
4 0.5890625 0.36619718309859156 0.109375 0.215962441314554
4 0.33906250000000004 0.23004694835680753 0.215625 0.2535211267605634
4 0.259375 0.4366197183098592 0.06875 0.13145539906103287
4 0.1265625 0.3051643192488263 0.209375 0.5446009389671361
