4 0.2 0.8529411764705883 0.08750000000000001 0.14932126696832582
4 0.38125000000000003 0.7556561085972852 0.08125 0.16289592760180996
4 0.36250000000000004 0.5882352941176471 0.10625000000000001 0.1900452488687783
4 0.2703125 0.6221719457013575 0.07187500000000001 0.21266968325791857
4 0.1609375 0.576923076923077 0.115625 0.13122171945701358
4 0.0921875 0.6040723981900453 0.040625 0.08597285067873305
4 0.4859375 0.5497737556561086 0.07187500000000001 0.14027149321266968
4 0.6015625 0.5316742081447964 0.059375000000000004 0.13122171945701358
4 0.6171875 0.414027149321267 0.059375000000000004 0.12217194570135748
4 0.6453125000000001 0.49321266968325794 0.046875 0.0995475113122172
4 0.7421875 0.4728506787330317 0.084375 0.09502262443438915
4 0.8093750000000001 0.5610859728506787 0.05625 0.0995475113122172
4 0.42031250000000003 0.36877828054298645 0.115625 0.30316742081447967
4 0.23750000000000002 0.35972850678733037 0.15625 0.3484162895927602
4 0.1328125 0.3144796380090498 0.09062500000000001 0.38461538461538464
4 0.045312500000000006 0.3416289592760181 0.09062500000000001 0.4389140271493213
4 0.27187500000000003 0.1742081447963801 0.19375 0.17647058823529413
4 0.565625 0.21945701357466066 0.38125000000000003 0.27601809954751133
4 0.775 0.328054298642534 0.08125 0.15837104072398192
4 0.8828125 0.2239819004524887 0.22812500000000002 0.23076923076923078
4 0.4546875 0.05203619909502263 0.453125 0.10407239819004525
