4 0.095 0.8299319727891157 0.11800000000000001 0.13151927437641725
4 0.137 0.9523809523809524 0.106 0.09070294784580499
4 0.321 0.8537414965986395 0.106 0.10657596371882086
4 0.748 0.8492063492063492 0.088 0.1383219954648526
4 0.931 0.8242630385487528 0.074 0.10657596371882086
4 0.9400000000000001 0.6780045351473923 0.116 0.14965986394557823
4 0.865 0.5986394557823129 0.09 0.11337868480725624
4 0.718 0.6201814058956916 0.096 0.11111111111111112
4 0.671 0.7346938775510204 0.138 0.12698412698412698
4 0.5760000000000001 0.663265306122449 0.1 0.11111111111111112
4 0.40800000000000003 0.7188208616780045 0.07200000000000001 0.11337868480725624
4 0.368 0.671201814058957 0.07200000000000001 0.10430839002267574
4 0.062 0.5555555555555556 0.10400000000000001 0.217687074829932
4 0.36 0.5657596371882087 0.064 0.10657596371882086
4 0.438 0.5022675736961452 0.096 0.11111111111111112
4 0.583 0.5419501133786848 0.094 0.14965986394557823
4 0.23600000000000002 0.4501133786848073 0.08 0.11111111111111112
4 0.31 0.5124716553287982 0.14 0.09523809523809525
4 0.8230000000000001 0.4863945578231293 0.066 0.09750566893424037
4 0.8300000000000001 0.39909297052154197 0.06 0.09070294784580499
4 0.776 0.42403628117913833 0.068 0.11337868480725624
4 0.72 0.3956916099773243 0.07200000000000001 0.10657596371882086
4 0.902 0.32086167800453513 0.064 0.08843537414965986
4 0.234 0.3242630385487528 0.084 0.09977324263038549
4 0.501 0.3333333333333333 0.20600000000000002 0.217687074829932
4 0.73 0.16780045351473924 0.256 0.3356009070294785
4 0.912 0.1564625850340136 0.17200000000000001 0.3129251700680272
4 0.965 0.35147392290249435 0.042 0.06802721088435375
4 0.531 0.054421768707483 0.042 0.0816326530612245
4 0.5720000000000001 0.049886621315192746 0.04 0.07256235827664399
4 0.561 0.14512471655328799 0.09 0.07709750566893424
4 0.35100000000000003 0.16439909297052155 0.28600000000000003 0.25170068027210885
4 0.107 0.20408163265306123 0.214 0.34467120181405897
4 0.167 0.373015873015873 0.078 0.10204081632653061
