4 0.8453125 0.85625 0.115625 0.1625
4 0.5609375 0.9541666666666666 0.178125 0.08333333333333333
4 0.7109375 0.96875 0.084375 0.05416666666666667
4 0.9187500000000001 0.96875 0.1375 0.05416666666666667
4 0.3671875 0.8291666666666666 0.16562500000000002 0.2833333333333333
4 0.5515625000000001 0.79375 0.15937500000000002 0.2125
4 0.1921875 0.725 0.178125 0.275
4 0.36562500000000003 0.5416666666666666 0.1625 0.175
4 0.596875 0.5916666666666667 0.125 0.15833333333333333
4 0.6703125000000001 0.64375 0.07187500000000001 0.1375
4 0.7546875000000001 0.55625 0.140625 0.17083333333333334
4 0.8828125 0.6229166666666667 0.12812500000000002 0.19583333333333333
4 0.95625 0.79375 0.08125 0.20416666666666666
4 0.9656250000000001 0.6395833333333333 0.0625 0.12916666666666665
4 0.8796875000000001 0.4770833333333333 0.07187500000000001 0.1125
4 0.0421875 0.41875 0.084375 0.1875
4 0.171875 0.4479166666666667 0.23125 0.17916666666666667
4 0.0421875 0.058333333333333334 0.084375 0.11666666666666667
4 0.1328125 0.04791666666666666 0.109375 0.09583333333333333
4 0.1125 0.23124999999999998 0.225 0.25416666666666665
4 0.28750000000000003 0.12708333333333333 0.21250000000000002 0.25416666666666665
4 0.4421875 0.10416666666666667 0.07187500000000001 0.11666666666666667
4 0.4734375 0.16875 0.07187500000000001 0.12083333333333333
4 0.5265625 0.14791666666666667 0.084375 0.12916666666666665
4 0.5750000000000001 0.07083333333333333 0.14375000000000002 0.14166666666666666
4 0.5859375 0.2708333333333333 0.096875 0.16666666666666666
4 0.3609375 0.3333333333333333 0.115625 0.15833333333333333
4 0.4265625 0.28125 0.09062500000000001 0.17916666666666667
4 0.47968750000000004 0.3145833333333333 0.09062500000000001 0.1375
4 0.525 0.3875 0.08125 0.13333333333333333
4 0.6062500000000001 0.42083333333333334 0.16875 0.15
4 0.7156250000000001 0.3541666666666667 0.08125 0.11666666666666667
4 0.7859375000000001 0.24166666666666667 0.10312500000000001 0.125
4 0.9109375000000001 0.3 0.171875 0.2583333333333333
4 0.8343750000000001 0.10208333333333333 0.325 0.20416666666666666
