1 0.865 0.49066666666666664 0.266 0.29866666666666664
1 0.058 0.3293333333333333 0.116 0.25866666666666666
1 0.112 0.43466666666666665 0.152 0.17066666666666666
1 0.105 0.6053333333333333 0.194 0.18133333333333332
1 0.332 0.492 0.076 0.16799999999999998
1 0.722 0.5573333333333333 0.152 0.16
1 0.448 0.8466666666666667 0.156 0.16266666666666665
1 0.35100000000000003 0.6466666666666666 0.07 0.12533333333333332
1 0.443 0.7133333333333333 0.062 0.088
1 0.599 0.8146666666666667 0.082 0.11466666666666667
1 0.591 0.592 0.13 0.19733333333333333
