0 0.675 0.4375 0.51875 0.5166666666666666
0 0.18281250000000002 0.42083333333333334 0.33437500000000003 0.39166666666666666
0 0.34687500000000004 0.10625 0.10625000000000001 0.1125
0 0.05625 0.06666666666666667 0.10625000000000001 0.13333333333333333
0 0.20468750000000002 0.14583333333333334 0.078125 0.09166666666666666
0 0.47500000000000003 0.19791666666666666 0.11875000000000001 0.1375
0 0.38593750000000004 0.24375 0.078125 0.0875
0 0.5 0.027083333333333334 0.06875 0.05416666666666667
0 0.5484375 0.125 0.09062500000000001 0.1
0 0.6671875 0.06666666666666667 0.096875 0.1
0 0.1859375 0.04375 0.096875 0.0875
0 0.27968750000000003 0.041666666666666664 0.09062500000000001 0.075
0 0.2 0.6208333333333333 0.15000000000000002 0.15
0 0.5234375 0.91875 0.203125 0.15416666666666667
0 0.8640625000000001 0.08125 0.12187500000000001 0.1125
0 0.8515625 0.2583333333333333 0.109375 0.125
0 0.51875 0.6041666666666666 0.41250000000000003 0.3833333333333333
0 0.390625 0.48125 0.25 0.32916666666666666
