0 0.33906250000000004 0.6020833333333333 0.6781250000000001 0.7875
0 0.5609375 0.4895833333333333 0.49062500000000003 0.7458333333333333
0 0.05 0.08541666666666667 0.09375 0.10416666666666667
0 0.07500000000000001 0.26458333333333334 0.15000000000000002 0.12916666666666665
0 0.27968750000000003 0.14791666666666667 0.10312500000000001 0.1125
0 0.2 0.16458333333333333 0.09375 0.12083333333333333
0 0.6062500000000001 0.09375 0.125 0.14583333333333334
0 0.49531250000000004 0.05 0.134375 0.08333333333333333
0 0.8328125000000001 0.42916666666666664 0.078125 0.11666666666666667
0 0.93125 0.4354166666666667 0.06875 0.12083333333333333
0 0.7390625000000001 0.1 0.10312500000000001 0.14166666666666666
0 0.8234375 0.10208333333333333 0.109375 0.1625
