2 0.195 0.10533333333333333 0.234 0.21066666666666667
2 0.375 0.20133333333333334 0.146 0.2373333333333333
2 0.458 0.29733333333333334 0.168 0.20533333333333334
2 0.596 0.12133333333333333 0.168 0.22666666666666666
2 0.754 0.148 0.14400000000000002 0.17333333333333334
2 0.727 0.37466666666666665 0.122 0.152
2 0.873 0.5093333333333333 0.194 0.22933333333333333
2 0.641 0.6973333333333334 0.226 0.25866666666666666
2 0.523 0.8226666666666667 0.19 0.296
2 0.289 0.38266666666666665 0.126 0.19999999999999998
2 0.425 0.4746666666666666 0.186 0.22933333333333333
2 0.152 0.6426666666666666 0.14 0.18666666666666665
2 0.249 0.5866666666666667 0.154 0.208
2 0.383 0.6719999999999999 0.182 0.18666666666666665
