0 0.313 0.3629032258064516 0.082 0.11290322580645161
0 0.507 0.6290322580645161 0.038 0.0967741935483871
0 0.107 0.0907258064516129 0.042 0.09274193548387097
0 0.093 0.7278225806451613 0.062 0.10080645161290322
0 0.187 0.6915322580645161 0.034 0.06048387096774194
0 0.234 0.7338709677419355 0.056 0.13709677419354838
0 0.164 0.8508064516129032 0.116 0.12096774193548387
0 0.098 0.9233870967741935 0.124 0.12903225806451613
0 0.083 0.47379032258064513 0.07 0.1411290322580645
0 0.163 0.44556451612903225 0.042 0.09274193548387097
0 0.262 0.5725806451612903 0.036000000000000004 0.08870967741935484
0 0.34900000000000003 0.4939516129032258 0.05 0.07661290322580645
0 0.41400000000000003 0.7721774193548386 0.044 0.07661290322580645
0 0.6950000000000001 0.9435483870967741 0.066 0.0967741935483871
0 0.724 0.7379032258064516 0.07200000000000001 0.12903225806451613
0 0.625 0.7318548387096774 0.058 0.09274193548387097
0 0.793 0.8729838709677419 0.046 0.0846774193548387
0 0.839 0.907258064516129 0.042 0.08064516129032258
0 0.906 0.7419354838709677 0.064 0.10483870967741934
0 0.909 0.4637096774193548 0.066 0.10483870967741934
0 0.903 0.18951612903225806 0.07 0.08870967741935484
0 0.767 0.43548387096774194 0.046 0.08870967741935484
0 0.723 0.3911290322580645 0.042 0.10483870967741934
0 0.614 0.4838709677419355 0.04 0.08064516129032258
0 0.544 0.5141129032258064 0.052000000000000005 0.09274193548387097
0 0.635 0.6129032258064516 0.05 0.0967741935483871
0 0.682 0.6592741935483871 0.04 0.0846774193548387
0 0.769 0.6189516129032258 0.054 0.0846774193548387
0 0.453 0.5846774193548387 0.058 0.0967741935483871
0 0.445 0.4032258064516129 0.054 0.12903225806451613
0 0.502 0.47379032258064513 0.032 0.10887096774193548
0 0.487 0.1875 0.03 0.06854838709677419
0 0.433 0.2963709677419355 0.03 0.06048387096774194
0 0.542 0.25 0.028 0.056451612903225805
0 0.513 0.2782258064516129 0.034 0.056451612903225805
0 0.545 0.34274193548387094 0.038 0.056451612903225805
0 0.577 0.2217741935483871 0.038 0.06451612903225806
0 0.189 0.28427419354838707 0.038 0.06854838709677419
0 0.14300000000000002 0.25201612903225806 0.034 0.07661290322580645
0 0.07 0.26814516129032256 0.04 0.05241935483870967
0 0.105 0.2217741935483871 0.042 0.06451612903225806
0 0.02 0.3387096774193548 0.032 0.06451612903225806
0 0.23600000000000002 0.42943548387096775 0.032 0.07661290322580645
0 0.20700000000000002 0.4596774193548387 0.03 0.06451612903225806
0 0.139 0.6209677419354839 0.058 0.08064516129032258
0 0.025 0.6754032258064516 0.05 0.1411290322580645
0 0.245 0.7580645161290323 0.054 0.0967741935483871
0 0.029 0.8104838709677419 0.038 0.08064516129032258
0 0.933 0.5705645161290323 0.046 0.07661290322580645
0 0.547 0.7762096774193549 0.05 0.0846774193548387
0 0.582 0.9375 0.064 0.10887096774193548
0 0.343 0.7580645161290323 0.034 0.08870967741935484
