0 0.05263157894736842 0.11875 0.10526315789473684 0.17083333333333334
0 0.125 0.5583333333333333 0.15350877192982454 0.18333333333333332
0 0.30043859649122806 0.7583333333333333 0.2324561403508772 0.21666666666666667
0 0.6030701754385964 0.6708333333333333 0.35526315789473684 0.2916666666666667
0 0.6666666666666666 0.88125 0.3157894736842105 0.22916666666666666
0 0.7741228070175438 0.625 0.16228070175438597 0.16666666666666666
0 0.8135964912280701 0.5041666666666667 0.18859649122807015 0.15833333333333333
0 0.6622807017543859 0.44166666666666665 0.18421052631578946 0.175
0 0.5592105263157895 0.4083333333333333 0.14473684210526316 0.14166666666666666
0 0.3530701754385965 0.2916666666666667 0.13596491228070173 0.14166666666666666
0 0.4013157894736842 0.09375 0.18859649122807015 0.14583333333333334
0 0.506578947368421 0.2375 0.2324561403508772 0.21666666666666667
0 0.6688596491228069 0.175 0.2587719298245614 0.275
0 0.8530701754385964 0.20625 0.12719298245614036 0.1375
0 0.6929824561403508 0.05625 0.16666666666666666 0.10416666666666667
