0 0.316 0.3918918918918919 0.06 0.0990990990990991
0 0.47000000000000003 0.3588588588588589 0.08 0.09309309309309309
0 0.069 0.5330330330330331 0.042 0.06306306306306306
0 0.113 0.5540540540540541 0.09 0.06306306306306306
0 0.186 0.6261261261261262 0.12 0.06906906906906907
0 0.293 0.6261261261261262 0.11800000000000001 0.08708708708708708
0 0.402 0.6756756756756757 0.148 0.12012012012012012
0 0.343 0.7702702702702703 0.098 0.06906906906906907
0 0.87 0.6906906906906907 0.176 0.16216216216216217
0 0.774 0.3588588588588589 0.124 0.09309309309309309
0 0.654 0.4624624624624625 0.112 0.09009009009009009
0 0.627 0.36786786786786785 0.13 0.08708708708708708
0 0.885 0.24024024024024024 0.046 0.08408408408408408
0 0.9380000000000001 0.3138138138138138 0.108 0.0990990990990991
0 0.918 0.545045045045045 0.16 0.0990990990990991
0 0.874 0.487987987987988 0.14400000000000002 0.10510510510510511
0 0.399 0.5165165165165165 0.078 0.04804804804804805
0 0.419 0.4744744744744745 0.074 0.05405405405405406
0 0.444 0.5585585585585585 0.07200000000000001 0.06606606606606606
