2 0.557 0.7973333333333333 0.318 0.39999999999999997
2 0.855 0.748 0.28600000000000003 0.49866666666666665
2 0.792 0.252 0.41200000000000003 0.504
2 0.085 0.8986666666666666 0.17 0.19733333333333333
2 0.337 0.9253333333333333 0.33 0.144
2 0.225 0.6426666666666666 0.338 0.4053333333333333
2 0.379 0.41466666666666663 0.41400000000000003 0.42933333333333334
2 0.11 0.32 0.22 0.5226666666666666
2 0.278 0.10666666666666666 0.388 0.21333333333333332
2 0.5630000000000001 0.12266666666666666 0.31 0.24533333333333332
