3 0.851 0.5299401197604791 0.294 0.46706586826347307
3 0.169 0.3068862275449102 0.294 0.42814371257485034
3 0.164 0.6601796407185629 0.088 0.10479041916167665
3 0.037 0.8278443113772456 0.074 0.12275449101796408
3 0.633 0.39670658682634735 0.14200000000000002 0.2724550898203593
3 0.44 0.6467065868263473 0.128 0.16766467065868265
3 0.5 0.5224550898203593 0.076 0.11077844311377247
3 0.303 0.5 0.094 0.14970059880239522
3 0.341 0.37425149700598803 0.07 0.09580838323353294
3 0.401 0.4505988023952096 0.078 0.10479041916167665
3 0.461 0.38922155688622756 0.074 0.125748502994012
3 0.5660000000000001 0.34281437125748504 0.06 0.08083832335329341
