3 0.499 0.2773333333333333 0.998 0.42133333333333334
3 0.523 0.568 0.11 0.112
3 0.743 0.692 0.094 0.104
3 0.9 0.7213333333333333 0.108 0.13599999999999998
3 0.778 0.5613333333333334 0.08 0.09333333333333332
3 0.9560000000000001 0.5533333333333333 0.084 0.09866666666666667
3 0.98 0.6453333333333333 0.036000000000000004 0.09066666666666666
3 0.334 0.9053333333333333 0.10400000000000001 0.13066666666666665
3 0.422 0.6746666666666666 0.10400000000000001 0.128
3 0.494 0.648 0.048 0.064
3 0.303 0.636 0.066 0.07733333333333334
3 0.324 0.5773333333333334 0.052000000000000005 0.056
3 0.241 0.6026666666666667 0.062 0.08533333333333333
3 0.069 0.49866666666666665 0.042 0.058666666666666666
3 0.028 0.6133333333333333 0.056 0.08533333333333333
3 0.056 0.72 0.08 0.096
3 0.133 0.9346666666666666 0.14200000000000002 0.11466666666666667
3 0.026000000000000002 0.8453333333333333 0.052000000000000005 0.13333333333333333
3 0.109 0.572 0.054 0.072
3 0.154 0.6413333333333333 0.052000000000000005 0.056
3 0.182 0.6013333333333333 0.052000000000000005 0.088
