0 0.079 0.17567567567567569 0.08600000000000001 0.10510510510510511
0 0.274 0.45345345345345345 0.156 0.16816816816816815
0 0.158 0.5225225225225225 0.116 0.12612612612612611
0 0.149 0.7567567567567568 0.114 0.13213213213213212
0 0.353 0.22672672672672672 0.182 0.2072072072072072
0 0.393 0.07057057057057058 0.134 0.14114114114114115
0 0.439 0.3738738738738739 0.162 0.17117117117117117
0 0.378 0.5735735735735735 0.164 0.22822822822822822
0 0.555 0.6561561561561562 0.202 0.2132132132132132
0 0.5680000000000001 0.8513513513513513 0.156 0.22522522522522523
0 0.654 0.8288288288288288 0.136 0.2222222222222222
0 0.51 0.8078078078078078 0.116 0.17417417417417416
0 0.402 0.7612612612612613 0.112 0.12912912912912913
0 0.666 0.42042042042042044 0.252 0.2882882882882883
0 0.91 0.45645645645645644 0.16 0.22822822822822822
0 0.873 0.8153153153153153 0.154 0.17117117117117117
0 0.906 0.22822822822822822 0.116 0.12012012012012012
0 0.837 0.32732732732732733 0.066 0.09009009009009009
0 0.8160000000000001 0.6396396396396397 0.068 0.09009009009009009
0 0.87 0.7012012012012012 0.06 0.06906906906906907
0 0.93 0.7222222222222222 0.056 0.06306306306306306
0 0.775 0.7732732732732732 0.07 0.08708708708708708
0 0.517 0.1996996996996997 0.138 0.16516516516516516
0 0.633 0.2072072072072072 0.094 0.10810810810810811
0 0.6920000000000001 0.26126126126126126 0.112 0.11411411411411411
0 0.226 0.2882882882882883 0.124 0.17417417417417416
0 0.123 0.2747747747747748 0.11800000000000001 0.19519519519519518
0 0.05 0.44744744744744747 0.07200000000000001 0.16816816816816815
0 0.076 0.7327327327327328 0.08 0.15615615615615616
0 0.52 0.35435435435435436 0.1 0.13213213213213212
0 0.04 0.2897897897897898 0.07200000000000001 0.13513513513513514
