2 0.193 0.31044776119402984 0.046 0.08955223880597014
2 0.24 0.3746268656716418 0.07200000000000001 0.12238805970149254
2 0.226 0.46417910447761196 0.088 0.11044776119402985
2 0.27 0.5746268656716418 0.068 0.11641791044776119
2 0.336 0.4492537313432836 0.096 0.11641791044776119
2 0.42 0.4791044776119403 0.08 0.12238805970149254
2 0.386 0.5656716417910448 0.064 0.08656716417910448
2 0.49 0.47611940298507466 0.076 0.15223880597014924
2 0.383 0.28955223880597014 0.098 0.16716417910447762
2 0.447 0.23880597014925373 0.046 0.07164179104477612
2 0.281 0.25671641791044775 0.074 0.11343283582089553
2 0.226 0.22985074626865673 0.032 0.07761194029850746
2 0.338 0.1701492537313433 0.056 0.06567164179104477
2 0.082 0.36268656716417913 0.164 0.31343283582089554
2 0.625 0.8283582089552239 0.126 0.11641791044776119
2 0.619 0.9671641791044776 0.062 0.05970149253731343
2 0.591 0.5656716417910448 0.09 0.15223880597014924
2 0.556 0.42686567164179107 0.112 0.1791044776119403
2 0.623 0.20298507462686569 0.15 0.15522388059701492
2 0.772 0.48208955223880595 0.084 0.16417910447761194
2 0.854 0.5164179104477612 0.068 0.10149253731343284
2 0.904 0.5746268656716418 0.076 0.08656716417910448
2 0.364 0.6313432835820896 0.04 0.04477611940298507
2 0.41600000000000004 0.7059701492537314 0.04 0.05074626865671642
