4 0.382 0.3123123123123123 0.132 0.24024024024024024
4 0.714 0.3063063063063063 0.212 0.3363363363363363
4 0.589 0.5540540540540541 0.09 0.15315315315315314
4 0.41400000000000003 0.6471471471471472 0.068 0.10510510510510511
4 0.485 0.6306306306306306 0.07 0.1021021021021021
4 0.254 0.8213213213213213 0.252 0.35135135135135137
4 0.082 0.47147147147147145 0.164 0.3363363363363363
4 0.749 0.5630630630630631 0.074 0.12912912912912913
4 0.9480000000000001 0.4804804804804805 0.1 0.13213213213213212
4 0.849 0.7387387387387387 0.058 0.11411411411411411
