2 0.79 0.42628205128205127 0.296 0.3076923076923077
2 0.877 0.7291666666666666 0.214 0.3173076923076923
2 0.429 0.17307692307692307 0.278 0.34615384615384615
2 0.632 0.16346153846153846 0.148 0.3269230769230769
2 0.579 0.3942307692307692 0.14200000000000002 0.26282051282051283
2 0.509 0.5961538461538461 0.15 0.2948717948717949
2 0.114 0.7339743589743589 0.216 0.2564102564102564
2 0.646 0.8253205128205128 0.17200000000000001 0.22756410256410256
2 0.136 0.48878205128205127 0.216 0.30448717948717946
2 0.245 0.32371794871794873 0.194 0.22435897435897434
2 0.40700000000000003 0.41506410256410253 0.19 0.266025641025641
2 0.294 0.5416666666666666 0.152 0.1987179487179487
2 0.247 0.7211538461538461 0.11800000000000001 0.17307692307692307
2 0.339 0.8173076923076923 0.20600000000000002 0.1346153846153846
2 0.438 0.6858974358974359 0.196 0.2564102564102564
2 0.507 0.8189102564102564 0.106 0.14423076923076922
2 0.8 0.8397435897435898 0.132 0.14102564102564102
2 0.727 0.6650641025641025 0.146 0.2532051282051282
