2 0.1796875 0.5350194552529183 0.22187500000000002 0.26848249027237353
2 0.09375 0.6964980544747081 0.11875000000000001 0.11673151750972763
2 0.353125 0.5700389105058365 0.15625 0.17509727626459143
2 0.5125000000000001 0.7140077821011673 0.17500000000000002 0.27626459143968873
2 0.5750000000000001 0.5116731517509727 0.21250000000000002 0.23735408560311283
2 0.7796875000000001 0.48443579766536965 0.19062500000000002 0.22957198443579768
2 0.8296875 0.72568093385214 0.15937500000000002 0.22957198443579768
2 0.9078125 0.4961089494163424 0.109375 0.2607003891050584
2 0.6828125 0.35797665369649806 0.203125 0.1867704280155642
2 0.8359375 0.34824902723735407 0.146875 0.17509727626459143
2 0.084375 0.38715953307393 0.15000000000000002 0.2840466926070039
2 0.26875 0.34824902723735407 0.14375000000000002 0.12840466926070038
2 0.4 0.3735408560311284 0.15000000000000002 0.17898832684824903
2 0.5328125 0.377431906614786 0.153125 0.13229571984435798
2 0.153125 0.13813229571984437 0.1875 0.16731517509727628
2 0.21875 0.22568093385214008 0.16875 0.1245136186770428
2 0.39687500000000003 0.23151750972762647 0.19375 0.18287937743190663
2 0.5453125 0.22762645914396887 0.171875 0.20622568093385213
2 0.325 0.12840466926070038 0.18125000000000002 0.14785992217898833
