4 0.681 0.8068592057761733 0.098 0.16967509025270758
4 0.909 0.6714801444043321 0.08600000000000001 0.20938628158844766
4 0.808 0.4368231046931408 0.092 0.18772563176895307
4 0.916 0.12454873646209387 0.164 0.24909747292418774
4 0.96 0.3483754512635379 0.076 0.13357400722021662
4 0.976 0.5830324909747293 0.044 0.23465703971119134
4 0.542 0.907942238267148 0.07200000000000001 0.148014440433213
4 0.20800000000000002 0.9151624548736462 0.084 0.1407942238267148
4 0.125 0.7021660649819494 0.054 0.11191335740072203
4 0.161 0.700361010830325 0.058 0.11552346570397112
4 0.052000000000000005 0.6191335740072202 0.07200000000000001 0.11913357400722022
4 0.056 0.4963898916967509 0.052000000000000005 0.11191335740072203
4 0.098 0.5036101083032491 0.048 0.1263537906137184
4 0.271 0.4512635379061372 0.114 0.19494584837545126
4 0.40700000000000003 0.4512635379061372 0.178 0.1516245487364621
4 0.45 0.5884476534296029 0.108 0.16606498194945848
4 0.54 0.5830324909747293 0.044 0.1263537906137184
4 0.577 0.5938628158844765 0.05 0.11913357400722022
4 0.615 0.5144404332129964 0.08600000000000001 0.148014440433213
4 0.671 0.41335740072202165 0.126 0.19133574007220217
4 0.734 0.10108303249097474 0.16 0.1516245487364621
4 0.796 0.20036101083032493 0.036000000000000004 0.09747292418772563
4 0.796 0.2996389891696751 0.048 0.10108303249097474
4 0.75 0.3032490974729242 0.04 0.11552346570397112
4 0.7020000000000001 0.2545126353790614 0.056 0.11913357400722022
4 0.641 0.2472924187725632 0.046 0.11191335740072203
4 0.562 0.3212996389891697 0.048 0.10830324909747292
4 0.509 0.3176895306859206 0.042 0.10108303249097474
4 0.547 0.04151624548736462 0.046 0.08303249097472924
4 0.613 0.04151624548736462 0.05 0.08303249097472924
4 0.406 0.05956678700361011 0.064 0.11913357400722022
4 0.393 0.20938628158844766 0.106 0.11552346570397112
4 0.399 0.3483754512635379 0.09 0.11191335740072203
4 0.306 0.2292418772563177 0.048 0.09025270758122744
4 0.329 0.15703971119133575 0.042 0.09025270758122744
4 0.354 0.06137184115523466 0.048 0.10830324909747292
4 0.26 0.15703971119133575 0.044 0.09025270758122744
4 0.258 0.2815884476534296 0.044 0.08664259927797835
4 0.20400000000000001 0.2815884476534296 0.044 0.08664259927797835
4 0.21 0.19133574007220217 0.052000000000000005 0.11552346570397112
4 0.07100000000000001 0.3953068592057762 0.05 0.09025270758122744
4 0.127 0.40072202166064985 0.042 0.07942238267148015
4 0.16 0.444043321299639 0.032 0.06498194945848376
4 0.029 0.13357400722021662 0.058 0.26714801444043323
4 0.134 0.18231046931407943 0.124 0.1768953068592058
4 0.14200000000000002 0.03068592057761733 0.164 0.06137184115523466
