2 0.13333333333333333 0.7229166666666667 0.24166666666666667 0.2125
2 0.16666666666666666 0.4479166666666667 0.2583333333333333 0.24583333333333332
2 0.36041666666666666 0.5375 0.24583333333333332 0.325
2 0.7854166666666667 0.4395833333333333 0.22916666666666666 0.29583333333333334
2 0.7875 0.7229166666666667 0.26666666666666666 0.3125
2 0.4666666666666667 0.8583333333333333 0.30833333333333335 0.275
2 0.5520833333333334 0.3833333333333333 0.3125 0.26666666666666666
2 0.9333333333333333 0.5125 0.125 0.21666666666666667
2 0.2708333333333333 0.28125 0.23333333333333334 0.20416666666666666
2 0.55625 0.1875 0.25416666666666665 0.14166666666666666
2 0.7708333333333334 0.21458333333333332 0.225 0.1875
2 0.11458333333333333 0.21458333333333332 0.20416666666666666 0.15416666666666667
2 0.37083333333333335 0.16041666666666665 0.16666666666666666 0.17083333333333334
