2 0.07 0.164 0.14 0.328
2 0.278 0.14533333333333334 0.332 0.2906666666666667
2 0.579 0.08933333333333333 0.274 0.17866666666666667
2 0.772 0.27199999999999996 0.34400000000000003 0.4693333333333333
2 0.881 0.5226666666666666 0.234 0.5066666666666666
2 0.911 0.856 0.17400000000000002 0.2826666666666667
2 0.23 0.47866666666666663 0.40800000000000003 0.5306666666666666
2 0.54 0.724 0.432 0.5466666666666666
2 0.271 0.836 0.306 0.32266666666666666
2 0.084 0.8573333333333333 0.168 0.27999999999999997
