2 0.10312500000000001 0.4859154929577465 0.09375 0.20187793427230047
2 0.20468750000000002 0.5023474178403756 0.178125 0.26291079812206575
2 0.371875 0.4906103286384977 0.19375 0.2112676056338028
2 0.49843750000000003 0.4835680751173709 0.109375 0.1596244131455399
2 0.2421875 0.31690140845070425 0.153125 0.23943661971830987
2 0.375 0.3098591549295775 0.13125 0.215962441314554
2 0.4921875 0.2136150234741784 0.171875 0.27699530516431925
2 0.546875 0.363849765258216 0.125 0.107981220657277
2 0.6062500000000001 0.43427230046948356 0.1125 0.19248826291079812
2 0.7515625 0.4107981220657277 0.15937500000000002 0.20187793427230047
2 0.640625 0.20422535211267606 0.15000000000000002 0.23943661971830987
2 0.7265625 0.23708920187793428 0.10312500000000001 0.1643192488262911
2 0.109375 0.6549295774647887 0.08125 0.11737089201877934
2 0.2109375 0.7018779342723005 0.171875 0.18309859154929578
2 0.2734375 0.835680751173709 0.146875 0.22535211267605634
2 0.3953125 0.6690140845070423 0.16562500000000002 0.13615023474178403
2 0.39375000000000004 0.8098591549295775 0.1125 0.15492957746478875
2 0.5015625 0.6291079812206573 0.10312500000000001 0.15023474178403756
2 0.5125000000000001 0.8262910798122066 0.14375000000000002 0.22535211267605634
2 0.6484375 0.7769953051643192 0.134375 0.22065727699530516
2 0.721875 0.6924882629107981 0.1125 0.1267605633802817
2 0.6234375000000001 0.5915492957746479 0.12187500000000001 0.12206572769953052
2 0.565625 0.6690140845070423 0.09375 0.107981220657277
2 0.7515625 0.5657276995305165 0.153125 0.14553990610328638
