0 0.331 0.5945945945945946 0.218 0.21021021021021022
0 0.664 0.6096096096096096 0.196 0.24024024024024024
0 0.586 0.39789789789789787 0.216 0.17717717717717718
0 0.257 0.3153153153153153 0.17400000000000002 0.16216216216216217
0 0.868 0.2807807807807808 0.112 0.14714714714714713
0 0.9470000000000001 0.31681681681681684 0.10200000000000001 0.15915915915915915
0 0.386 0.5180180180180181 0.152 0.14114114114114115
0 0.307 0.8453453453453453 0.154 0.16516516516516516
0 0.024 0.7417417417417418 0.048 0.15015015015015015
0 0.028 0.5690690690690691 0.056 0.15915915915915915
0 0.9450000000000001 0.6036036036036035 0.106 0.17417417417417416
