4 0.079 0.30930930930930933 0.13 0.16816816816816815
4 0.038 0.5525525525525525 0.076 0.2222222222222222
4 0.162 0.6891891891891891 0.132 0.1831831831831832
4 0.342 0.5765765765765766 0.08 0.15615615615615616
4 0.232 0.3123123123123123 0.124 0.2882882882882883
4 0.297 0.36036036036036034 0.10200000000000001 0.15615615615615616
4 0.404 0.18618618618618618 0.08 0.18018018018018017
4 0.433 0.4984984984984985 0.114 0.21021021021021022
4 0.448 0.4144144144144144 0.148 0.16816816816816815
4 0.533 0.6306306306306306 0.146 0.3003003003003003
4 0.614 0.4444444444444444 0.1 0.24024024024024024
4 0.711 0.4369369369369369 0.114 0.2012012012012012
4 0.608 0.8903903903903904 0.2 0.2132132132132132
4 0.511 0.8723723723723724 0.114 0.15315315315315314
4 0.657 0.5645645645645646 0.082 0.13213213213213212
4 0.856 0.6396396396396397 0.156 0.2222222222222222
4 0.9450000000000001 0.9159159159159159 0.106 0.16216216216216217
4 0.84 0.49399399399399396 0.1 0.11711711711711711
4 0.897 0.34684684684684686 0.202 0.4174174174174174
4 0.964 0.6111111111111112 0.068 0.26726726726726724
