2 0.505 0.7720364741641338 0.146 0.22492401215805471
2 0.302 0.15045592705167174 0.10400000000000001 0.13069908814589665
2 0.504 0.0851063829787234 0.112 0.0972644376899696
2 0.627 0.135258358662614 0.098 0.10030395136778116
2 0.612 0.028875379939209727 0.112 0.057750759878419454
2 0.361 0.24164133738601823 0.094 0.12462006079027356
2 0.47700000000000004 0.22188449848024316 0.09 0.0911854103343465
2 0.5740000000000001 0.26595744680851063 0.08 0.12462006079027356
2 0.6890000000000001 0.25987841945288753 0.134 0.14893617021276595
2 0.8200000000000001 0.3130699088145897 0.132 0.1398176291793313
2 0.9 0.24772036474164133 0.108 0.18541033434650456
2 0.9560000000000001 0.10182370820668693 0.084 0.12462006079027356
2 0.931 0.48328267477203646 0.134 0.1945288753799392
2 0.9390000000000001 0.7492401215805471 0.11800000000000001 0.23404255319148937
2 0.8250000000000001 0.898176291793313 0.13 0.19756838905775076
2 0.797 0.6671732522796353 0.13 0.21580547112462006
2 0.769 0.4817629179331307 0.134 0.15501519756838905
2 0.623 0.39817629179331304 0.14200000000000002 0.1337386018237082
2 0.463 0.3905775075987842 0.126 0.17325227963525835
2 0.485 0.5455927051671733 0.13 0.17933130699088146
2 0.338 0.5334346504559271 0.14 0.16717325227963525
2 0.34500000000000003 0.7872340425531915 0.13 0.1945288753799392
2 0.442 0.9164133738601824 0.164 0.16109422492401215
2 0.232 0.9604863221884499 0.116 0.0729483282674772
2 0.23 0.8115501519756839 0.10400000000000001 0.1458966565349544
2 0.135 0.7112462006079028 0.094 0.1337386018237082
2 0.195 0.5425531914893617 0.114 0.12462006079027356
2 0.025 0.7781155015197568 0.05 0.1702127659574468
2 0.094 0.9148936170212766 0.096 0.1519756838905775
2 0.14300000000000002 0.3586626139817629 0.08600000000000001 0.0911854103343465
2 0.232 0.3069908814589666 0.068 0.1033434650455927
2 0.051000000000000004 0.49240121580547114 0.07 0.0851063829787234
2 0.655 0.8343465045592705 0.138 0.21580547112462006
2 0.643 0.6003039513677811 0.14200000000000002 0.19148936170212766
