1 0.08700000000000001 0.2903726708074534 0.122 0.10869565217391304
1 0.233 0.17236024844720496 0.11 0.13975155279503104
1 0.399 0.12111801242236024 0.09 0.11180124223602483
1 0.5 0.13354037267080746 0.068 0.07453416149068323
1 0.64 0.17701863354037267 0.07200000000000001 0.11180124223602483
1 0.6970000000000001 0.17236024844720496 0.09 0.09627329192546583
1 0.886 0.2888198757763975 0.084 0.10559006211180123
1 0.9540000000000001 0.2950310559006211 0.088 0.11180124223602483
1 0.057 0.5015527950310559 0.098 0.13975155279503104
1 0.108 0.5962732919254659 0.112 0.15527950310559005
1 0.324 0.5822981366459626 0.116 0.15217391304347824
1 0.431 0.5232919254658385 0.09 0.11490683229813664
1 0.513 0.5543478260869564 0.11 0.14596273291925466
1 0.47400000000000003 0.6940993788819876 0.128 0.17080745341614906
1 0.404 0.32298136645962733 0.092 0.11801242236024843
