0 0.19 0.6826666666666666 0.1 0.11733333333333333
0 0.352 0.6706666666666666 0.1 0.056
0 0.47800000000000004 0.6759999999999999 0.084 0.06666666666666667
0 0.5740000000000001 0.6866666666666666 0.068 0.08266666666666667
0 0.745 0.6759999999999999 0.078 0.088
0 0.911 0.6226666666666666 0.17400000000000002 0.27466666666666667
0 0.168 0.9239999999999999 0.296 0.14666666666666667
0 0.47600000000000003 0.8773333333333333 0.304 0.24
0 0.779 0.9213333333333333 0.258 0.152
0 0.616 0.8466666666666667 0.064 0.07733333333333334
0 0.6880000000000001 0.78 0.056 0.06666666666666667
0 0.846 0.836 0.068 0.056
0 0.812 0.7853333333333333 0.076 0.04533333333333333
0 0.967 0.9653333333333333 0.062 0.064
0 0.062 0.66 0.07200000000000001 0.104
0 0.062 0.776 0.092 0.096
0 0.124 0.8039999999999999 0.088 0.056
0 0.201 0.8013333333333333 0.09 0.050666666666666665
0 0.277 0.8306666666666667 0.062 0.09866666666666667
0 0.354 0.84 0.084 0.048
0 0.106 0.5693333333333334 0.128 0.072
0 0.2 0.47866666666666663 0.184 0.09866666666666667
0 0.352 0.48666666666666664 0.132 0.19466666666666665
0 0.464 0.528 0.152 0.13866666666666666
0 0.589 0.5426666666666666 0.098 0.12
0 0.661 0.5533333333333333 0.058 0.06666666666666667
0 0.768 0.528 0.14400000000000002 0.11733333333333333
