4 0.49843750000000003 0.68125 0.9968750000000001 0.20416666666666666
4 0.053125000000000006 0.9229166666666666 0.05625 0.09583333333333333
4 0.078125 0.8354166666666667 0.09375 0.10416666666666667
4 0.15000000000000002 0.8229166666666666 0.037500000000000006 0.07083333333333333
4 0.1640625 0.9270833333333334 0.065625 0.1375
4 0.203125 0.81875 0.043750000000000004 0.10416666666666667
4 0.290625 0.8208333333333333 0.11875000000000001 0.13333333333333333
4 0.3609375 0.9125 0.053125000000000006 0.1
4 0.4421875 0.9395833333333333 0.059375000000000004 0.1125
4 0.3984375 0.8291666666666666 0.053125000000000006 0.1
4 0.45156250000000003 0.8166666666666667 0.034375 0.058333333333333334
4 0.5359375000000001 0.8604166666666666 0.07187500000000001 0.14583333333333334
4 0.5765625 0.9270833333333334 0.046875 0.07916666666666666
4 0.6296875000000001 0.8770833333333333 0.09062500000000001 0.09583333333333333
4 0.7250000000000001 0.8833333333333333 0.09375 0.1
4 0.7359375 0.9645833333333333 0.065625 0.0625
4 0.8500000000000001 0.9 0.1125 0.19166666666666665
4 0.978125 0.9416666666666667 0.037500000000000006 0.10833333333333334
