4 0.541 0.872 0.914 0.25066666666666665
4 0.333 0.708 0.382 0.07733333333333334
4 0.35100000000000003 0.6453333333333333 0.266 0.05333333333333333
4 0.489 0.5906666666666667 0.41000000000000003 0.06666666666666667
4 0.518 0.5386666666666666 0.192 0.042666666666666665
4 0.637 0.5093333333333333 0.154 0.026666666666666665
4 0.854 0.46266666666666667 0.10400000000000001 0.056
4 0.713 0.48666666666666664 0.094 0.034666666666666665
4 0.736 0.7573333333333333 0.524 0.15466666666666667
4 0.629 0.6453333333333333 0.28600000000000003 0.064
4 0.712 0.604 0.032 0.034666666666666665
4 0.8230000000000001 0.6533333333333333 0.10200000000000001 0.05333333333333333
4 0.912 0.6706666666666666 0.076 0.04533333333333333
4 0.864 0.628 0.268 0.09333333333333332
