2 0.38125000000000003 0.4375 0.11875000000000001 0.15833333333333333
2 0.24375000000000002 0.2375 0.21250000000000002 0.21666666666666667
2 0.40937500000000004 0.15208333333333332 0.17500000000000002 0.17916666666666667
2 0.5578125 0.15416666666666667 0.171875 0.16666666666666666
2 0.671875 0.18541666666666667 0.1625 0.19583333333333333
2 0.1015625 0.6625 0.203125 0.475
2 0.359375 0.6291666666666667 0.36250000000000004 0.3333333333333333
2 0.3796875 0.85625 0.403125 0.2791666666666667
2 0.0734375 0.30833333333333335 0.140625 0.23333333333333334
2 0.7265625 0.7895833333333333 0.36562500000000003 0.4125
2 0.6828125 0.5833333333333334 0.109375 0.15833333333333333
2 0.8828125 0.6020833333333333 0.22812500000000002 0.4375
2 0.8343750000000001 0.33125 0.1625 0.20416666666666666
