0 0.0921875 0.74375 0.078125 0.1125
0 0.1796875 0.68125 0.078125 0.10416666666666667
0 0.23125 0.5875 0.0625 0.058333333333333334
0 0.045312500000000006 0.91875 0.09062500000000001 0.1125
0 0.290625 0.8229166666666666 0.09375 0.0625
0 0.3453125 0.7229166666666667 0.084375 0.12083333333333333
0 0.42031250000000003 0.6666666666666666 0.078125 0.05
0 0.46875 0.7291666666666666 0.07500000000000001 0.1
0 0.5328125 0.7416666666666667 0.078125 0.06666666666666667
0 0.553125 0.6645833333333333 0.08125 0.10416666666666667
0 0.6359375 0.6208333333333333 0.096875 0.06666666666666667
0 0.39687500000000003 0.8854166666666666 0.1125 0.0875
0 0.45937500000000003 0.8958333333333334 0.08750000000000001 0.11666666666666667
0 0.68125 0.8645833333333334 0.08125 0.14583333333333334
0 0.859375 0.8416666666666667 0.1125 0.125
0 0.8265625000000001 0.6458333333333334 0.07187500000000001 0.13333333333333333
0 0.93125 0.66875 0.11875000000000001 0.09583333333333333
0 0.9359375000000001 0.75625 0.109375 0.09583333333333333
0 0.1171875 0.475 0.059375000000000004 0.06666666666666667
0 0.028125 0.46875 0.05625 0.0625
0 0.1 0.37916666666666665 0.1125 0.08333333333333333
0 0.1078125 0.5208333333333334 0.059375000000000004 0.058333333333333334
0 0.38906250000000003 0.8 0.059375000000000004 0.06666666666666667
