4 0.49843750000000003 0.15833333333333333 0.9968750000000001 0.31666666666666665
4 0.1046875 0.37916666666666665 0.15937500000000002 0.2
4 0.403125 0.79375 0.10625000000000001 0.15416666666666667
4 0.2703125 0.40625 0.178125 0.17916666666666667
4 0.6781250000000001 0.45 0.6375000000000001 0.2916666666666667
4 0.30781250000000004 0.5270833333333333 0.078125 0.12083333333333333
4 0.09531250000000001 0.6291666666666667 0.059375000000000004 0.16666666666666666
4 0.125 0.6333333333333333 0.0625 0.1
4 0.18281250000000002 0.6229166666666667 0.065625 0.10416666666666667
4 0.275 0.64375 0.09375 0.20416666666666666
4 0.0703125 0.8729166666666667 0.140625 0.24583333333333332
4 0.025 0.5729166666666666 0.05 0.1625
4 0.153125 0.7770833333333333 0.1125 0.1375
4 0.27968750000000003 0.9166666666666666 0.12187500000000001 0.15833333333333333
4 0.5625 0.8208333333333333 0.1625 0.14166666666666666
4 0.45156250000000003 0.68125 0.146875 0.19583333333333333
4 0.6687500000000001 0.6729166666666666 0.225 0.2125
4 0.8859375 0.6729166666666666 0.22187500000000002 0.25416666666666665
4 0.946875 0.8395833333333333 0.1 0.1125
4 0.7078125000000001 0.7770833333333333 0.134375 0.17083333333333334
4 0.7609375 0.8666666666666667 0.084375 0.125
4 0.8234375 0.8875 0.084375 0.125
4 0.6687500000000001 0.9395833333333333 0.13125 0.1125
4 0.890625 0.9562499999999999 0.08750000000000001 0.07916666666666666
