0 0.045312500000000006 0.11274509803921569 0.059375000000000004 0.16666666666666666
0 0.0734375 0.5661764705882353 0.078125 0.11274509803921569
0 0.2328125 0.3014705882352941 0.16562500000000002 0.20098039215686275
0 0.3296875 0.2696078431372549 0.10312500000000001 0.12745098039215685
0 0.2765625 0.11519607843137254 0.134375 0.1323529411764706
0 0.3140625 0.4338235294117647 0.109375 0.12254901960784313
0 0.3984375 0.5220588235294118 0.07187500000000001 0.12254901960784313
0 0.49375 0.42892156862745096 0.05625 0.08333333333333333
0 0.5546875 0.3088235294117647 0.15937500000000002 0.16666666666666666
0 0.6671875 0.29411764705882354 0.12812500000000002 0.19607843137254902
0 0.5234375 0.5955882352941176 0.10312500000000001 0.12254901960784313
0 0.515625 0.7647058823529411 0.10625000000000001 0.0784313725490196
0 0.27187500000000003 0.8480392156862745 0.08750000000000001 0.0784313725490196
0 0.3828125 0.8063725490196079 0.12187500000000001 0.11274509803921569
0 0.5796875 0.4534313725490196 0.078125 0.09313725490196079
0 0.6125 0.517156862745098 0.125 0.09313725490196079
0 0.76875 0.5245098039215687 0.125 0.12745098039215685
0 0.75 0.642156862745098 0.1375 0.12745098039215685
0 0.89375 0.3137254901960784 0.13125 0.11764705882352941
