4 0.128 0.3876582278481013 0.07200000000000001 0.1360759493670886
4 0.19 0.3528481012658228 0.04 0.11075949367088607
4 0.278 0.20727848101265822 0.04 0.10443037974683544
4 0.342 0.19936708860759494 0.036000000000000004 0.10759493670886076
4 0.382 0.2563291139240506 0.036000000000000004 0.0759493670886076
4 0.452 0.3180379746835443 0.036000000000000004 0.08544303797468354
4 0.544 0.19462025316455697 0.04 0.0981012658227848
4 0.597 0.18987341772151897 0.038 0.10126582278481013
4 0.931 0.2389240506329114 0.038 0.08544303797468354
4 0.9410000000000001 0.3338607594936709 0.038 0.10443037974683544
