4 0.353125 0.7354166666666666 0.23125 0.29583333333333334
4 0.1296875 0.6395833333333333 0.209375 0.2708333333333333
4 0.265625 0.50625 0.21875 0.22916666666666666
4 0.540625 0.5916666666666667 0.26875 0.26666666666666666
4 0.7390625000000001 0.65 0.19687500000000002 0.25
4 0.1 0.11041666666666666 0.15000000000000002 0.15416666666666667
4 0.22968750000000002 0.08125 0.134375 0.15416666666666667
4 0.35625 0.16666666666666666 0.19375 0.15833333333333333
4 0.5453125 0.14583333333333334 0.234375 0.2
4 0.8265625000000001 0.17291666666666666 0.340625 0.17916666666666667
4 0.8328125000000001 0.38958333333333334 0.328125 0.4458333333333333
4 0.5734375 0.325 0.34687500000000004 0.3333333333333333
4 0.3375 0.3208333333333333 0.2 0.2
4 0.1171875 0.32708333333333334 0.234375 0.42083333333333334
