4 0.0734375 0.4196428571428571 0.146875 0.2232142857142857
4 0.19375 0.34598214285714285 0.1625 0.22767857142857142
4 0.309375 0.24776785714285712 0.11875000000000001 0.18303571428571427
4 0.39687500000000003 0.28348214285714285 0.10625000000000001 0.17410714285714285
4 0.49062500000000003 0.25 0.13125 0.2589285714285714
4 0.6453125000000001 0.25 0.12812500000000002 0.33035714285714285
4 0.75 0.18526785714285712 0.10625000000000001 0.20089285714285712
4 0.8234375 0.28125 0.12187500000000001 0.20535714285714285
4 0.9296875 0.36607142857142855 0.096875 0.13392857142857142
4 0.8765625 0.4107142857142857 0.078125 0.11607142857142856
4 0.859375 0.5290178571428571 0.06875 0.10267857142857142
4 0.7859375000000001 0.44419642857142855 0.084375 0.17410714285714285
4 0.7265625 0.515625 0.12812500000000002 0.13839285714285712
4 0.5703125 0.4665178571428571 0.153125 0.17410714285714285
4 0.37343750000000003 0.4933035714285714 0.234375 0.24553571428571427
4 0.10312500000000001 0.5625 0.18125000000000002 0.09821428571428571
4 0.2421875 0.546875 0.07187500000000001 0.13839285714285712
4 0.403125 0.6316964285714285 0.15000000000000002 0.09375
4 0.571875 0.6205357142857143 0.14375000000000002 0.125
4 0.6859375000000001 0.6316964285714285 0.053125000000000006 0.15625
4 0.7671875 0.6227678571428571 0.115625 0.10267857142857142
