4 0.176 0.5587188612099644 0.096 0.2846975088967971
4 0.074 0.786476868327402 0.068 0.15658362989323843
4 0.122 0.9128113879003559 0.04 0.15302491103202845
4 0.044 0.5729537366548042 0.088 0.2277580071174377
4 0.084 0.5249110320284697 0.07200000000000001 0.19572953736654802
4 0.192 0.8185053380782917 0.08 0.16370106761565836
4 0.263 0.7704626334519572 0.058 0.16014234875444838
4 0.326 0.7348754448398576 0.08 0.2099644128113879
4 0.269 0.9163701067615658 0.10200000000000001 0.16014234875444838
4 0.388 0.9056939501779359 0.124 0.18149466192170818
4 0.42 0.7829181494661921 0.052000000000000005 0.14234875444839856
4 0.46 0.7419928825622776 0.044 0.11032028469750889
4 0.513 0.7989323843416369 0.08600000000000001 0.15302491103202845
4 0.611 0.9341637010676156 0.314 0.12455516014234874
4 0.594 0.806049822064057 0.06 0.12455516014234874
4 0.612 0.6530249110320284 0.048 0.11032028469750889
4 0.671 0.786476868327402 0.114 0.1708185053380783
4 0.726 0.6548042704626335 0.10400000000000001 0.16370106761565836
4 0.806 0.4252669039145907 0.08 0.18861209964412812
4 0.807 0.5658362989323843 0.078 0.1708185053380783
4 0.764 0.8434163701067615 0.056 0.14234875444839856
4 0.84 0.7686832740213523 0.064 0.1494661921708185
4 0.906 0.891459074733096 0.12 0.2099644128113879
4 0.931 0.6903914590747331 0.058 0.12811387900355872
