4 0.45 0.23333333333333334 0.26666666666666666 0.26666666666666666
4 0.6361111111111112 0.225 0.18333333333333335 0.19166666666666665
4 0.28055555555555556 0.17916666666666667 0.17222222222222222 0.175
4 0.2611111111111111 0.31875 0.07777777777777778 0.0875
4 0.8555555555555556 0.3520833333333333 0.2777777777777778 0.17916666666666667
4 0.15 0.42083333333333334 0.14444444444444446 0.075
4 0.3416666666666667 0.4395833333333333 0.17222222222222222 0.1375
4 0.5750000000000001 0.4458333333333333 0.18333333333333335 0.15
4 0.7527777777777778 0.49583333333333335 0.09444444444444444 0.125
4 0.9055555555555556 0.4770833333333333 0.17777777777777778 0.09583333333333333
4 0.9027777777777778 0.5854166666666667 0.18333333333333335 0.1375
4 0.9444444444444445 0.7354166666666666 0.1 0.17083333333333334
4 0.08888888888888889 0.54375 0.14444444444444446 0.1125
4 0.08055555555555556 0.6854166666666667 0.16111111111111112 0.2708333333333333
4 0.10555555555555556 0.8208333333333333 0.18888888888888888 0.18333333333333332
4 0.36944444444444446 0.675 0.29444444444444445 0.18333333333333332
4 0.5166666666666667 0.5541666666666667 0.12222222222222223 0.1
4 0.6083333333333334 0.8458333333333333 0.09444444444444444 0.08333333333333333
