2 0.225 0.2 0.09166666666666666 0.09166666666666666
2 0.19791666666666666 0.31666666666666665 0.10416666666666667 0.1
2 0.35 0.4166666666666667 0.1 0.1
2 0.40625 0.2 0.10416666666666667 0.10833333333333334
2 0.49583333333333335 0.075 0.08333333333333333 0.1
2 0.5833333333333334 0.18125 0.075 0.09583333333333333
2 0.6541666666666667 0.15833333333333333 0.075 0.1
2 0.5645833333333333 0.3520833333333333 0.0875 0.09583333333333333
2 0.7625 0.3 0.08333333333333333 0.09166666666666666
2 0.775 0.3854166666666667 0.09166666666666666 0.09583333333333333
