4 0.6984375 0.24882629107981222 0.421875 0.3098591549295775
4 0.40937500000000004 0.07981220657276995 0.3375 0.1596244131455399
4 0.36875 0.24178403755868544 0.1375 0.19248826291079812
4 0.2578125 0.34976525821596244 0.084375 0.15492957746478875
4 0.115625 0.4366197183098592 0.17500000000000002 0.12206572769953052
4 0.26875 0.4694835680751174 0.05 0.07511737089201878
4 0.33906250000000004 0.4107981220657277 0.034375 0.07981220657276995
4 0.034375 0.0539906103286385 0.06875 0.107981220657277
4 0.115625 0.1431924882629108 0.11875000000000001 0.11737089201877934
4 0.2484375 0.18544600938967137 0.109375 0.15492957746478875
4 0.1203125 0.26760563380281693 0.240625 0.20657276995305165
