0 0.886 0.6936936936936937 0.076 0.07807807807807808
0 0.308 0.8528528528528528 0.06 0.06606606606606606
0 0.201 0.6966966966966966 0.082 0.1021021021021021
0 0.125 0.6291291291291291 0.078 0.08108108108108109
0 0.23800000000000002 0.9744744744744744 0.048 0.04504504504504504
0 0.133 0.9189189189189189 0.05 0.04204204204204204
0 0.059000000000000004 0.45945945945945943 0.11800000000000001 0.2222222222222222
0 0.116 0.35135135135135137 0.152 0.1981981981981982
0 0.191 0.49399399399399396 0.13 0.0990990990990991
0 0.256 0.3303303303303303 0.12 0.1981981981981982
0 0.36 0.2972972972972973 0.10400000000000001 0.21621621621621623
0 0.467 0.46396396396396394 0.08600000000000001 0.14114114114114115
0 0.436 0.16516516516516516 0.124 0.18618618618618618
0 0.543 0.15765765765765766 0.146 0.13513513513513514
0 0.6890000000000001 0.18468468468468469 0.10200000000000001 0.16516516516516516
0 0.5660000000000001 0.33183183183183185 0.116 0.12912912912912913
0 0.362 0.36786786786786785 0.064 0.06906906906906907
0 0.385 0.3063063063063063 0.106 0.0960960960960961
0 0.468 0.3183183183183183 0.116 0.11411411411411411
0 0.587 0.26426426426426425 0.08600000000000001 0.15615615615615616
0 0.685 0.3483483483483483 0.082 0.21021021021021022
0 0.757 0.17567567567567569 0.062 0.06906906906906907
0 0.8270000000000001 0.28378378378378377 0.066 0.14714714714714713
0 0.749 0.3483483483483483 0.126 0.1981981981981982
0 0.879 0.17117117117117117 0.042 0.06006006006006006
0 0.9480000000000001 0.17867867867867868 0.056 0.08108108108108109
0 0.932 0.35135135135135137 0.132 0.17417417417417416
0 0.353 0.7642642642642643 0.078 0.08108108108108109
0 0.895 0.5435435435435435 0.20600000000000002 0.2042042042042042
0 0.611 0.38288288288288286 0.122 0.1111111111111111
