1 0.46406250000000004 0.5229166666666667 0.421875 0.42083333333333334
1 0.8250000000000001 0.2604166666666667 0.34375 0.32916666666666666
1 0.4921875 0.21875 0.328125 0.1875
1 0.1046875 0.5291666666666667 0.096875 0.1
1 0.045312500000000006 0.7166666666666667 0.09062500000000001 0.18333333333333332
1 0.07500000000000001 0.26458333333333334 0.15000000000000002 0.19583333333333333
1 0.209375 0.20625 0.125 0.15416666666666667
1 0.253125 0.3104166666666667 0.09375 0.07083333333333333
1 0.178125 0.375 0.0625 0.06666666666666667
1 0.95625 0.8833333333333333 0.08125 0.225
