4 0.5140625 0.22083333333333333 0.153125 0.2
4 0.42500000000000004 0.42291666666666666 0.10625000000000001 0.17083333333333334
4 0.5109375 0.36041666666666666 0.09062500000000001 0.1375
4 0.5328125 0.49374999999999997 0.096875 0.2125
4 0.265625 0.325 0.13125 0.225
4 0.2984375 0.5416666666666666 0.078125 0.15
4 0.0671875 0.37083333333333335 0.134375 0.225
4 0.1546875 0.40208333333333335 0.109375 0.22083333333333333
4 0.19375 0.6291666666666667 0.09375 0.16666666666666666
4 0.07187500000000001 0.5270833333333333 0.14375000000000002 0.1625
4 0.36250000000000004 0.71875 0.21875 0.17083333333333334
4 0.6171875 0.8166666666666667 0.153125 0.35833333333333334
4 0.909375 0.09791666666666667 0.17500000000000002 0.19583333333333333
4 0.7734375 0.33541666666666664 0.12187500000000001 0.19583333333333333
4 0.8406250000000001 0.525 0.08750000000000001 0.14166666666666666
4 0.7093750000000001 0.45625 0.125 0.2625
4 0.7734375 0.6354166666666666 0.215625 0.14583333333333334
