0 0.171875 0.6583333333333333 0.07500000000000001 0.11666666666666667
0 0.21406250000000002 0.58125 0.09062500000000001 0.09583333333333333
0 0.25625000000000003 0.6291666666666667 0.08125 0.09166666666666666
0 0.19375 0.7041666666666666 0.08125 0.09166666666666666
0 0.26406250000000003 0.7020833333333333 0.084375 0.09583333333333333
0 0.2328125 0.8145833333333333 0.07187500000000001 0.07916666666666666
0 0.30781250000000004 0.85625 0.096875 0.1375
0 0.375 0.8854166666666666 0.08125 0.0625
0 0.325 0.9562499999999999 0.1 0.07916666666666666
0 0.2546875 0.49374999999999997 0.096875 0.0625
0 0.3375 0.5333333333333333 0.1 0.075
0 0.3875 0.5104166666666666 0.08125 0.0875
0 0.4078125 0.3833333333333333 0.065625 0.1
0 0.3125 0.3145833333333333 0.1125 0.09583333333333333
0 0.40625 0.2895833333333333 0.09375 0.07916666666666666
0 0.4703125 0.2916666666666667 0.09062500000000001 0.06666666666666667
0 0.4296875 0.18333333333333332 0.10312500000000001 0.08333333333333333
0 0.571875 0.20208333333333334 0.1 0.07916666666666666
0 0.6937500000000001 0.1875 0.09375 0.09166666666666666
0 0.93125 0.24791666666666667 0.10625000000000001 0.0875
0 0.828125 0.4166666666666667 0.1125 0.1
0 0.9671875000000001 0.36666666666666664 0.059375000000000004 0.09166666666666666
0 0.9515625000000001 0.44166666666666665 0.09062500000000001 0.09166666666666666
0 0.953125 0.7895833333333333 0.08750000000000001 0.1375
0 0.6921875000000001 0.9333333333333333 0.109375 0.125
0 0.8421875000000001 0.7666666666666666 0.12187500000000001 0.10833333333333334
0 0.9031250000000001 0.6125 0.15625 0.125
0 0.5375 0.55 0.1875 0.125
0 0.6578125 0.5479166666666666 0.096875 0.1125
0 0.7515625 0.6083333333333333 0.115625 0.15833333333333333
0 0.628125 0.8479166666666667 0.11875000000000001 0.10416666666666667
0 0.6171875 0.7354166666666666 0.109375 0.1125
0 0.6390625000000001 0.6708333333333333 0.109375 0.1
0 0.6859375000000001 0.6375 0.12812500000000002 0.08333333333333333
0 0.43125 0.6645833333333333 0.10625000000000001 0.12083333333333333
0 0.3984375 0.7416666666666667 0.153125 0.11666666666666667
0 0.5140625 0.7 0.078125 0.1
0 0.509375 0.78125 0.08125 0.0875
0 0.5625 0.6333333333333333 0.08750000000000001 0.09166666666666666
0 0.578125 0.8041666666666667 0.1 0.1
