4 0.4734375 0.4265402843601896 0.278125 0.4265402843601896
4 0.8828125 0.8341232227488152 0.140625 0.3033175355450237
4 0.6828125 0.9170616113744077 0.109375 0.15639810426540285
4 0.5171875 0.9383886255924171 0.19687500000000002 0.1137440758293839
4 0.09531250000000001 0.6753554502369669 0.15937500000000002 0.2796208530805687
4 0.1265625 0.9099526066350712 0.22187500000000002 0.17061611374407584
4 0.19843750000000002 0.6990521327014219 0.16562500000000002 0.24170616113744078
4 0.2890625 0.6232227488151659 0.109375 0.2132701421800948
4 0.7703125000000001 0.4052132701421801 0.134375 0.23222748815165878
4 0.76875 0.7914691943127963 0.08750000000000001 0.16113744075829384
4 0.9078125 0.6658767772511849 0.178125 0.2132701421800948
4 0.07968750000000001 0.36729857819905215 0.15937500000000002 0.24170616113744078
4 0.15000000000000002 0.3270142180094787 0.13125 0.2274881516587678
4 0.4078125 0.7843601895734598 0.209375 0.3080568720379147
4 0.5765625 0.604265402843602 0.115625 0.17535545023696683
4 0.6828125 0.6469194312796209 0.12187500000000001 0.2511848341232228
