4 0.8484375000000001 0.6645833333333333 0.109375 0.22083333333333333
4 0.93125 0.49374999999999997 0.09375 0.12083333333333333
4 0.8265625000000001 0.17708333333333334 0.07187500000000001 0.1125
4 0.8984375 0.25625 0.096875 0.15416666666666667
4 0.953125 0.34791666666666665 0.08750000000000001 0.14583333333333334
4 0.884375 0.3854166666666667 0.06875 0.1125
4 0.5750000000000001 0.49583333333333335 0.15625 0.125
4 0.5109375 0.6416666666666666 0.278125 0.23333333333333334
4 0.634375 0.7666666666666666 0.08125 0.125
4 0.7734375 0.7916666666666666 0.096875 0.125
4 0.6953125 0.6625 0.146875 0.125
4 0.17500000000000002 0.6979166666666666 0.13125 0.19583333333333333
4 0.2609375 0.8583333333333333 0.12187500000000001 0.11666666666666667
4 0.1640625 0.5520833333333334 0.10312500000000001 0.12083333333333333
4 0.084375 0.26875 0.08125 0.10416666666666667
4 0.234375 0.23958333333333334 0.14375000000000002 0.1375
4 0.3375 0.3729166666666667 0.0625 0.09583333333333333
4 0.49843750000000003 0.3729166666666667 0.115625 0.10416666666666667
4 0.37812500000000004 0.18125 0.1125 0.17083333333333334
4 0.5109375 0.0875 0.12187500000000001 0.175
4 0.16718750000000002 0.035416666666666666 0.059375000000000004 0.07083333333333333
4 0.26875 0.14791666666666667 0.08750000000000001 0.10416666666666667
4 0.3125 0.0625 0.08125 0.06666666666666667
4 0.625 0.06875 0.15000000000000002 0.1375
4 0.7078125000000001 0.029166666666666667 0.053125000000000006 0.058333333333333334
4 0.6937500000000001 0.3104166666666667 0.25 0.2625
