0 0.11949685534591195 0.11666666666666667 0.12578616352201258 0.06666666666666667
0 0.41823899371069184 0.18541666666666667 0.15723270440251574 0.07916666666666666
0 0.628930817610063 0.07083333333333333 0.30188679245283023 0.13333333333333333
0 0.3176100628930818 0.25416666666666665 0.11949685534591195 0.075
0 0.449685534591195 0.275 0.1069182389937107 0.075
0 0.5817610062893082 0.2708333333333333 0.169811320754717 0.10833333333333334
0 0.6509433962264152 0.22291666666666665 0.08176100628930819 0.04583333333333333
0 0.7924528301886793 0.35833333333333334 0.17610062893081763 0.08333333333333333
0 0.628930817610063 0.3958333333333333 0.16352201257861637 0.08333333333333333
0 0.41509433962264153 0.4395833333333333 0.22641509433962265 0.10416666666666667
0 0.339622641509434 0.5229166666666667 0.20125786163522014 0.07916666666666666
0 0.27672955974842767 0.7625 0.20125786163522014 0.125
0 0.35534591194968557 0.7041666666666666 0.15723270440251574 0.08333333333333333
