0 0.331 0.5170807453416149 0.138 0.11490683229813664
0 0.447 0.5978260869565217 0.138 0.10248447204968944
0 0.355 0.8074534161490683 0.074 0.10559006211180123
0 0.669 0.7748447204968943 0.098 0.09006211180124223
0 0.712 0.8555900621118012 0.096 0.11490683229813664
0 0.842 0.6956521739130435 0.124 0.13043478260869565
0 0.879 0.8090062111801242 0.10200000000000001 0.10869565217391304
0 0.9410000000000001 0.7795031055900621 0.106 0.11180124223602483
0 0.883 0.9642857142857142 0.11800000000000001 0.06521739130434782
0 0.504 0.46894409937888193 0.1 0.08074534161490683
0 0.47000000000000003 0.3447204968944099 0.056 0.06211180124223602
0 0.607 0.15372670807453415 0.08600000000000001 0.10248447204968944
0 0.629 0.03881987577639751 0.058 0.07142857142857142
0 0.7020000000000001 0.03571428571428571 0.044 0.046583850931677016
0 0.7000000000000001 0.07142857142857142 0.044 0.049689440993788817
0 0.738 0.03881987577639751 0.036000000000000004 0.05279503105590062
0 0.8160000000000001 0.06677018633540373 0.048 0.05900621118012422
0 0.844 0.17857142857142855 0.088 0.07142857142857142
0 0.919 0.07763975155279502 0.07 0.06832298136645962
0 0.605 0.40683229813664595 0.07 0.06832298136645962
0 0.715 0.5015527950310559 0.10200000000000001 0.12732919254658384
0 0.755 0.3338509316770186 0.058 0.07763975155279502
0 0.616 0.2934782608695652 0.07200000000000001 0.08385093167701863
0 0.68 0.2888198757763975 0.044 0.049689440993788817
0 0.719 0.2748447204968944 0.038 0.05279503105590062
0 0.773 0.2577639751552795 0.046 0.06211180124223602
0 0.617 0.3695652173913043 0.046 0.049689440993788817
