0 0.07109375 0.24705882352941178 0.1421875 0.49411764705882355
0 0.18281250000000002 0.19019607843137254 0.15937500000000002 0.2392156862745098
0 0.184375 0.4843137254901961 0.203125 0.30980392156862746
0 0.09531250000000001 0.7686274509803921 0.19062500000000002 0.4549019607843137
0 0.2421875 0.788235294117647 0.146875 0.4156862745098039
0 0.27890625 0.592156862745098 0.1203125 0.3686274509803922
0 0.35781250000000003 0.8686274509803922 0.171875 0.2549019607843137
0 0.42031250000000003 0.5901960784313726 0.19062500000000002 0.20784313725490194
0 0.51484375 0.8411764705882353 0.0578125 0.12156862745098039
0 0.6273437500000001 0.8803921568627451 0.07968750000000001 0.12941176470588234
0 0.571875 0.6705882352941176 0.046875 0.10980392156862745
0 0.62109375 0.6509803921568628 0.060937500000000006 0.10196078431372549
0 0.73203125 0.8019607843137255 0.0765625 0.16862745098039217
0 0.80859375 0.6784313725490196 0.0734375 0.1568627450980392
0 0.8 0.20588235294117646 0.39687500000000003 0.4117647058823529
0 0.8984375 0.6549019607843137 0.2 0.39215686274509803
0 0.8914062500000001 0.9019607843137255 0.21406250000000002 0.18823529411764706
0 0.36328125 0.15098039215686274 0.2015625 0.30196078431372547
0 0.38671875 0.4 0.1296875 0.3686274509803922
0 0.49140625000000004 0.29411764705882354 0.0765625 0.5882352941176471
0 0.5593750000000001 0.18627450980392157 0.059375000000000004 0.11372549019607843
0 0.5796875 0.3156862745098039 0.12187500000000001 0.16078431372549018
0 0.55703125 0.4823529411764706 0.0890625 0.23529411764705882
0 0.7367187500000001 0.5294117647058824 0.15156250000000002 0.34509803921568627
0 0.8328125000000001 0.47058823529411764 0.059375000000000004 0.11764705882352941
0 0.93125 0.4588235294117647 0.134375 0.2196078431372549
