0 0.189 0.5675675675675675 0.166 0.16816816816816815
0 0.316 0.3888888888888889 0.308 0.17117117117117117
0 0.132 0.12312312312312312 0.152 0.18618618618618618
0 0.108 0.25075075075075076 0.064 0.0990990990990991
0 0.03 0.11561561561561562 0.044 0.08108108108108109
0 0.031 0.47897897897897895 0.038 0.05105105105105105
0 0.059000000000000004 0.536036036036036 0.074 0.06906906906906907
0 0.039 0.6201201201201201 0.078 0.2132132132132132
0 0.115 0.8828828828828829 0.074 0.10810810810810811
0 0.195 0.8123123123123123 0.098 0.11711711711711711
0 0.227 0.6876876876876877 0.146 0.13813813813813813
0 0.315 0.7267267267267267 0.13 0.13813813813813813
0 0.28200000000000003 0.8048048048048048 0.132 0.12612612612612611
0 0.602 0.8093093093093093 0.136 0.14714714714714713
0 0.711 0.8963963963963963 0.162 0.19519519519519518
0 0.584 0.9324324324324325 0.132 0.12912912912912913
0 0.794 0.9069069069069069 0.056 0.07807807807807808
0 0.871 0.7267267267267267 0.054 0.10810810810810811
0 0.879 0.5765765765765766 0.15 0.17417417417417416
0 0.921 0.7342342342342342 0.154 0.1891891891891892
0 0.9420000000000001 0.42042042042042044 0.112 0.17417417417417416
0 0.912 0.11561561561561562 0.17200000000000001 0.1831831831831832
0 0.897 0.24174174174174173 0.202 0.14714714714714713
0 0.772 0.10960960960960961 0.184 0.21921921921921922
0 0.5 0.036036036036036036 0.076 0.05405405405405406
0 0.32 0.03153153153153153 0.136 0.06306306306306306
0 0.226 0.22372372372372373 0.128 0.10510510510510511
0 0.355 0.17867867867867868 0.258 0.21921921921921922
0 0.558 0.16366366366366367 0.268 0.23723723723723725
0 0.522 0.3963963963963964 0.14400000000000002 0.18618618618618618
0 0.461 0.5900900900900901 0.20600000000000002 0.16516516516516516
0 0.644 0.5720720720720721 0.26 0.23123123123123124
0 0.41100000000000003 0.7237237237237237 0.094 0.13213213213213212
0 0.445 0.9594594594594594 0.19 0.07507507507507508
0 0.811 0.37537537537537535 0.046 0.07207207207207207
0 0.712 0.31681681681681684 0.044 0.05105105105105105
0 0.605 0.4099099099099099 0.046 0.10510510510510511
