0 0.215625 0.17370892018779344 0.1875 0.24413145539906103
0 0.24531250000000002 0.5563380281690141 0.171875 0.23004694835680753
0 0.4234375 0.5915492957746479 0.178125 0.2347417840375587
0 0.6046875 0.5892018779342724 0.215625 0.3051643192488263
0 0.446875 0.18309859154929578 0.14375000000000002 0.1971830985915493
0 0.40937500000000004 0.4366197183098592 0.16875 0.18779342723004694
0 0.540625 0.3380281690140845 0.14375000000000002 0.14084507042253522
0 0.8609375 0.08450704225352113 0.16562500000000002 0.16901408450704225
0 0.8921875 0.6784037558685446 0.209375 0.323943661971831
0 0.7390625000000001 0.8708920187793427 0.178125 0.24882629107981222
0 0.546875 0.715962441314554 0.14375000000000002 0.2112676056338028
0 0.7171875000000001 0.676056338028169 0.15937500000000002 0.24413145539906103
0 0.6703125000000001 0.4272300469483568 0.12187500000000001 0.1596244131455399
0 0.234375 0.35211267605633806 0.15625 0.14084507042253522
0 0.3515625 0.3075117370892019 0.115625 0.18309859154929578
0 0.4078125 0.44366197183098594 0.153125 0.19248826291079812
0 0.2828125 0.8661971830985916 0.109375 0.1643192488262911
0 0.3515625 0.8051643192488263 0.096875 0.17370892018779344
0 0.4390625 0.8333333333333334 0.07187500000000001 0.14553990610328638
