4 0.166 0.5 0.332 0.36936936936936937
4 0.397 0.37537537537537535 0.194 0.36036036036036034
4 0.47300000000000003 0.6636636636636637 0.09 0.26426426426426425
4 0.515 0.551051051051051 0.09 0.16516516516516516
4 0.5760000000000001 0.36786786786786785 0.148 0.26726726726726724
4 0.646 0.3153153153153153 0.136 0.3483483483483483
4 0.8160000000000001 0.7882882882882882 0.216 0.36936936936936937
4 0.869 0.42342342342342343 0.13 0.2222222222222222
4 0.926 0.6156156156156156 0.14 0.21021021021021022
4 0.6910000000000001 0.6306306306306306 0.098 0.22822822822822822
4 0.778 0.5105105105105106 0.12 0.2222222222222222
