3 0.08750000000000001 0.392018779342723 0.17500000000000002 0.27699530516431925
3 0.43281250000000004 0.2136150234741784 0.028125 0.051643192488262914
3 0.6625000000000001 0.8943661971830986 0.07500000000000001 0.20187793427230047
3 0.19687500000000002 0.619718309859155 0.07500000000000001 0.12206572769953052
3 0.403125 0.5845070422535211 0.05625 0.18309859154929578
3 0.1015625 0.7981220657276995 0.12187500000000001 0.22535211267605634
3 0.23125 0.4835680751173709 0.08125 0.13145539906103287
3 0.2546875 0.3544600938967136 0.140625 0.1267605633802817
3 0.36562500000000003 0.31220657276995306 0.07500000000000001 0.11737089201877934
3 0.4703125 0.3051643192488263 0.084375 0.13145539906103287
3 0.45937500000000003 0.43427230046948356 0.10625000000000001 0.1267605633802817
3 0.284375 0.607981220657277 0.0625 0.06103286384976526
3 0.5265625 0.7582159624413146 0.115625 0.1267605633802817
3 0.9546875 0.4178403755868545 0.084375 0.20657276995305165
