3 0.499 0.39850746268656717 0.998 0.30149253731343284
3 0.251 0.7567164179104477 0.10200000000000001 0.1701492537313433
3 0.095 0.6253731343283582 0.11800000000000001 0.1701492537313433
3 0.027 0.7134328358208956 0.054 0.11343283582089553
3 0.186 0.6925373134328359 0.092 0.16119402985074627
3 0.20600000000000002 0.573134328358209 0.07200000000000001 0.08358208955223881
3 0.28200000000000003 0.6014925373134329 0.076 0.09253731343283582
3 0.374 0.6238805970149254 0.10400000000000001 0.15522388059701492
3 0.446 0.7029850746268657 0.076 0.12238805970149254
3 0.461 0.608955223880597 0.058 0.08358208955223881
3 0.58 0.5970149253731344 0.156 0.1791044776119403
3 0.73 0.6537313432835821 0.116 0.24477611940298508
3 0.864 0.6611940298507463 0.124 0.16417910447761194
3 0.913 0.5835820895522388 0.08600000000000001 0.11641791044776119
3 0.973 0.6716417910447762 0.05 0.14328358208955225
3 0.925 0.8328358208955224 0.07 0.08955223880597014
