2 0.096875 0.12708333333333333 0.19375 0.25416666666666665
2 0.2703125 0.12916666666666665 0.215625 0.2583333333333333
2 0.48125 0.12708333333333333 0.21250000000000002 0.25416666666666665
2 0.690625 0.12291666666666666 0.21875 0.24583333333333332
2 0.8968750000000001 0.12083333333333333 0.2 0.24166666666666667
2 0.125 0.3875 0.25 0.2583333333333333
2 0.3671875 0.37916666666666665 0.265625 0.31666666666666665
2 0.6062500000000001 0.36875 0.26875 0.3541666666666667
2 0.8640625000000001 0.37083333333333335 0.265625 0.3
2 0.09843750000000001 0.7479166666666667 0.19687500000000002 0.49583333333333335
2 0.33125000000000004 0.74375 0.3375 0.5041666666666667
2 0.6328125 0.7375 0.31562500000000004 0.5166666666666666
2 0.875 0.7416666666666667 0.24375000000000002 0.5083333333333333
