2 0.404 0.5870870870870871 0.264 0.42342342342342343
2 0.58 0.7327327327327328 0.176 0.3303303303303303
2 0.772 0.8423423423423423 0.244 0.24924924924924924
2 0.716 0.5645645645645646 0.228 0.39039039039039036
2 0.895 0.5720720720720721 0.20600000000000002 0.36336336336336333
2 0.405 0.1981981981981982 0.20600000000000002 0.3303303303303303
2 0.554 0.3483483483483483 0.264 0.3123123123123123
2 0.768 0.25825825825825827 0.20400000000000001 0.3063063063063063
2 0.595 0.10960960960960961 0.20600000000000002 0.15915915915915915
2 0.756 0.07657657657657657 0.164 0.15315315315315314
