4 0.08750000000000001 0.38958333333333334 0.06875 0.07083333333333333
4 0.1078125 0.325 0.084375 0.11666666666666667
4 0.1703125 0.38125 0.059375000000000004 0.07083333333333333
4 0.23125 0.34791666666666665 0.08125 0.12083333333333333
4 0.209375 0.46249999999999997 0.10625000000000001 0.11666666666666667
4 0.31875000000000003 0.3208333333333333 0.08125 0.11666666666666667
4 0.36875 0.3645833333333333 0.06875 0.09583333333333333
4 0.44062500000000004 0.34791666666666665 0.10625000000000001 0.1375
4 0.41875 0.4708333333333333 0.043750000000000004 0.06666666666666667
4 0.5140625 0.4458333333333333 0.096875 0.14166666666666666
4 0.5234375 0.2875 0.065625 0.10833333333333334
4 0.59375 0.2583333333333333 0.0625 0.10833333333333334
4 0.6234375000000001 0.42291666666666666 0.084375 0.12083333333333333
4 0.634375 0.31875 0.0625 0.0875
4 0.7156250000000001 0.3145833333333333 0.06875 0.0875
4 0.8078125 0.2791666666666667 0.078125 0.1
4 0.7078125000000001 0.3958333333333333 0.034375 0.075
4 0.8265625000000001 0.45 0.059375000000000004 0.08333333333333333
4 0.8515625 0.49583333333333335 0.084375 0.1
4 0.9500000000000001 0.48541666666666666 0.09375 0.12916666666666665
4 0.9437500000000001 0.3770833333333333 0.10625000000000001 0.10416666666666667
