2 0.09843750000000001 0.18309859154929578 0.19687500000000002 0.36619718309859156
2 0.09843750000000001 0.4906103286384977 0.19687500000000002 0.23943661971830987
2 0.06406250000000001 0.715962441314554 0.12812500000000002 0.20187793427230047
2 0.1015625 0.8826291079812206 0.203125 0.22535211267605634
2 0.35625 0.8873239436619719 0.2625 0.215962441314554
2 0.2890625 0.6314553990610329 0.278125 0.2863849765258216
2 0.32656250000000003 0.1596244131455399 0.265625 0.3192488262910798
2 0.3140625 0.40375586854460094 0.246875 0.1784037558685446
2 0.5140625 0.6126760563380281 0.16562500000000002 0.323943661971831
2 0.5578125 0.3380281690140845 0.171875 0.215962441314554
2 0.5421875 0.1056338028169014 0.178125 0.2112676056338028
2 0.6828125 0.13615023474178403 0.115625 0.215962441314554
2 0.7875000000000001 0.1807511737089202 0.1 0.13615023474178403
2 0.8234375 0.4084507042253521 0.34687500000000004 0.3192488262910798
2 0.9140625 0.11502347417840376 0.16562500000000002 0.23004694835680753
2 0.6859375000000001 0.6431924882629109 0.115625 0.1596244131455399
2 0.61875 0.7370892018779343 0.0625 0.13145539906103287
2 0.5984375000000001 0.9366197183098591 0.10312500000000001 0.11737089201877934
2 0.753125 0.8967136150234742 0.21250000000000002 0.1971830985915493
2 0.8093750000000001 0.7934272300469484 0.11875000000000001 0.15023474178403756
2 0.9343750000000001 0.852112676056338 0.125 0.1643192488262911
2 0.8 0.6619718309859155 0.1125 0.11267605633802817
2 0.9328125 0.6995305164319249 0.12812500000000002 0.15023474178403756
2 0.8546875 0.5892018779342724 0.12812500000000002 0.107981220657277
