4 0.22968750000000002 0.0625 0.45937500000000003 0.125
4 0.565625 0.07708333333333334 0.21250000000000002 0.15416666666666667
4 0.8343750000000001 0.058333333333333334 0.325 0.11666666666666667
4 0.7156250000000001 0.18958333333333333 0.0625 0.14583333333333334
4 0.7703125000000001 0.15 0.034375 0.10833333333333334
4 0.8578125000000001 0.15625 0.046875 0.04583333333333333
4 0.9390625 0.17916666666666667 0.040625 0.08333333333333333
4 0.821875 0.2604166666666667 0.10625000000000001 0.15416666666666667
4 0.90625 0.24375 0.03125 0.04583333333333333
4 0.9453125 0.28541666666666665 0.028125 0.04583333333333333
4 0.9656250000000001 0.3625 0.043750000000000004 0.058333333333333334
4 0.8890625000000001 0.35 0.053125000000000006 0.09166666666666666
4 0.925 0.39375 0.05 0.0625
4 0.9296875 0.47291666666666665 0.078125 0.07083333333333333
4 0.8500000000000001 0.4375 0.05 0.058333333333333334
4 0.33906250000000004 0.21875 0.6781250000000001 0.19583333333333333
4 0.7171875000000001 0.29375 0.053125000000000006 0.0625
4 0.046875 0.3645833333333333 0.043750000000000004 0.09583333333333333
4 0.1203125 0.4 0.065625 0.058333333333333334
4 0.1875 0.41875 0.043750000000000004 0.07083333333333333
4 0.2390625 0.45625 0.046875 0.07083333333333333
4 0.3640625 0.3520833333333333 0.07187500000000001 0.0625
4 0.45625000000000004 0.36666666666666664 0.05625 0.09166666666666666
4 0.521875 0.49374999999999997 0.06875 0.12083333333333333
4 0.609375 0.4083333333333333 0.05 0.09166666666666666
4 0.659375 0.37916666666666665 0.05625 0.09166666666666666
4 0.7250000000000001 0.4125 0.08125 0.058333333333333334
4 0.7859375000000001 0.35833333333333334 0.040625 0.08333333333333333
4 0.09375 0.54375 0.043750000000000004 0.10416666666666667
4 0.17500000000000002 0.5145833333333333 0.0625 0.0875
4 0.29531250000000003 0.5375 0.07187500000000001 0.10833333333333334
4 0.35625 0.4770833333333333 0.08750000000000001 0.15416666666666667
4 0.415625 0.5166666666666666 0.05 0.06666666666666667
4 0.5859375 0.5479166666666666 0.07187500000000001 0.14583333333333334
4 0.7453125 0.53125 0.16562500000000002 0.1375
4 0.8734375000000001 0.675 0.09062500000000001 0.10833333333333334
4 0.9703125 0.65625 0.053125000000000006 0.1125
4 0.9015625 0.8083333333333333 0.059375000000000004 0.09166666666666666
4 0.96875 0.90625 0.05625 0.09583333333333333
4 0.6859375000000001 0.9145833333333333 0.096875 0.1625
4 0.5359375000000001 0.85 0.065625 0.08333333333333333
4 0.353125 0.9520833333333333 0.07500000000000001 0.0875
4 0.2484375 0.8229166666666666 0.115625 0.2125
4 0.37031250000000004 0.75 0.10312500000000001 0.175
4 0.4453125 0.6979166666666666 0.084375 0.20416666666666666
4 0.4921875 0.6104166666666666 0.059375000000000004 0.09583333333333333
4 0.6468750000000001 0.6645833333333333 0.08750000000000001 0.14583333333333334
4 0.0734375 0.78125 0.078125 0.1375
4 0.035937500000000004 0.6479166666666667 0.059375000000000004 0.07916666666666666
4 0.1203125 0.6875 0.09062500000000001 0.08333333333333333
4 0.1375 0.6229166666666667 0.05625 0.0625
4 0.1921875 0.5875 0.053125000000000006 0.06666666666666667
4 0.2484375 0.6166666666666667 0.053125000000000006 0.06666666666666667
4 0.8640625000000001 0.9458333333333333 0.134375 0.1
