4 0.05625 0.11666666666666667 0.1125 0.23333333333333334
4 0.19375 0.125 0.16875 0.16666666666666666
4 0.371875 0.09583333333333333 0.11875000000000001 0.19166666666666665
4 0.46406250000000004 0.2 0.12812500000000002 0.19166666666666665
4 0.55625 0.08333333333333333 0.13125 0.16666666666666666
4 0.6156250000000001 0.17291666666666666 0.125 0.1625
4 0.7296875 0.0375 0.203125 0.075
4 0.7890625 0.08333333333333333 0.096875 0.10833333333333334
4 0.846875 0.2 0.125 0.175
4 0.12812500000000002 0.3375 0.25625000000000003 0.2
4 0.1640625 0.5208333333333334 0.178125 0.23333333333333334
4 0.3921875 0.40625 0.153125 0.19583333333333333
4 0.6062500000000001 0.3958333333333333 0.1625 0.23333333333333334
4 0.7796875000000001 0.4270833333333333 0.178125 0.24583333333333332
4 0.9234375 0.4041666666666667 0.146875 0.2
4 0.4234375 0.65625 0.16562500000000002 0.2875
4 0.5828125000000001 0.7666666666666666 0.296875 0.3833333333333333
4 0.8234375 0.8729166666666667 0.19687500000000002 0.24583333333333332
4 0.0484375 0.8624999999999999 0.096875 0.26666666666666666
