4 0.39166666666666666 0.05416666666666667 0.45 0.10833333333333334
4 0.8138888888888889 0.025 0.2388888888888889 0.05
4 0.15 0.24791666666666667 0.3 0.2375
4 0.5027777777777778 0.22708333333333333 0.4388888888888889 0.20416666666666666
4 0.85 0.21875 0.2888888888888889 0.17083333333333334
4 0.11111111111111112 0.50625 0.22222222222222224 0.22916666666666666
4 0.46944444444444444 0.5395833333333333 0.48333333333333334 0.2875
4 0.8444444444444444 0.53125 0.3 0.3208333333333333
4 0.09166666666666667 0.8479166666666667 0.18333333333333335 0.29583333333333334
4 0.3055555555555556 0.8770833333333333 0.2555555555555556 0.2375
4 0.5750000000000001 0.8479166666666667 0.2833333333333333 0.1875
4 0.5472222222222223 0.9645833333333333 0.27222222222222225 0.0625
4 0.8555555555555556 0.9375 0.2777777777777778 0.11666666666666667
4 0.8472222222222222 0.7979166666666666 0.29444444444444445 0.1875
