4 0.099 0.13813813813813813 0.198 0.27627627627627627
4 0.274 0.052552552552552555 0.18 0.10510510510510511
4 0.398 0.1981981981981982 0.224 0.32432432432432434
4 0.516 0.08858858858858859 0.296 0.17717717717717718
4 0.562 0.37237237237237236 0.14 0.1981981981981982
4 0.608 0.25975975975975973 0.164 0.15915915915915915
4 0.837 0.21621621621621623 0.322 0.43243243243243246
4 0.8190000000000001 0.466966966966967 0.034 0.09309309309309309
4 0.889 0.542042042042042 0.066 0.15315315315315314
4 0.803 0.7942942942942943 0.39 0.40540540540540543
4 0.443 0.46546546546546547 0.106 0.21021021021021022
4 0.197 0.49099099099099097 0.394 0.43543543543543545
4 0.088 0.8498498498498498 0.176 0.29429429429429427
4 0.244 0.7447447447447447 0.068 0.14414414414414414
4 0.433 0.8363363363363363 0.366 0.3213213213213213
