4 0.775 0.85 0.44166666666666665 0.2916666666666667
4 0.4770833333333333 0.8104166666666667 0.15416666666666667 0.14583333333333334
4 0.22291666666666665 0.7875 0.1375 0.14166666666666666
4 0.2604166666666667 0.3770833333333333 0.15416666666666667 0.17916666666666667
4 0.41041666666666665 0.5666666666666667 0.2375 0.35833333333333334
4 0.55 0.3875 0.125 0.14166666666666666
4 0.6395833333333333 0.46249999999999997 0.14583333333333334 0.15833333333333333
4 0.8 0.56875 0.15 0.17916666666666667
4 0.9395833333333333 0.5895833333333333 0.1125 0.14583333333333334
4 0.175 0.5895833333333333 0.13333333333333333 0.15416666666666667
4 0.041666666666666664 0.8208333333333333 0.08333333333333333 0.175
4 0.0625 0.42083333333333334 0.125 0.15
4 0.07708333333333334 0.15416666666666667 0.10416666666666667 0.13333333333333333
4 0.3333333333333333 0.10208333333333333 0.31666666666666665 0.20416666666666666
4 0.64375 0.10416666666666667 0.29583333333333334 0.20833333333333334
4 0.7520833333333333 0.31666666666666665 0.22916666666666666 0.23333333333333334
4 0.5291666666666667 0.30833333333333335 0.2583333333333333 0.15
4 0.3145833333333333 0.21458333333333332 0.1375 0.14583333333333334
4 0.15833333333333333 0.26666666666666666 0.16666666666666666 0.18333333333333332
4 0.9541666666666666 0.41875 0.08333333333333333 0.12083333333333333
4 0.8458333333333333 0.45208333333333334 0.15833333333333333 0.1375
