4 0.15000000000000002 0.13125 0.30000000000000004 0.2625
4 0.03125 0.28125 0.0625 0.12916666666666665
4 0.6515625 0.17916666666666667 0.690625 0.35833333333333334
4 0.1046875 0.3520833333333333 0.084375 0.1875
4 0.2578125 0.3125 0.146875 0.1
4 0.27187500000000003 0.3833333333333333 0.0625 0.075
4 0.4734375 0.4 0.10312500000000001 0.16666666666666666
4 0.403125 0.425 0.0625 0.08333333333333333
4 0.5609375 0.4395833333333333 0.084375 0.15416666666666667
4 0.6890625 0.4083333333333333 0.134375 0.10833333333333334
4 0.7953125000000001 0.45208333333333334 0.065625 0.12916666666666665
4 0.89375 0.4458333333333333 0.1125 0.14166666666666666
4 0.9078125 0.5395833333333333 0.053125000000000006 0.07916666666666666
4 0.084375 0.50625 0.1125 0.14583333333333334
4 0.246875 0.50625 0.13125 0.12083333333333333
4 0.2609375 0.4458333333333333 0.059375000000000004 0.075
4 0.42812500000000003 0.5291666666666667 0.06875 0.08333333333333333
4 0.403125 0.6166666666666667 0.06875 0.11666666666666667
4 0.465625 0.60625 0.07500000000000001 0.10416666666666667
4 0.5125000000000001 0.5479166666666666 0.07500000000000001 0.0875
4 0.6328125 0.525 0.065625 0.075
4 0.7703125000000001 0.5625 0.16562500000000002 0.10833333333333334
4 0.8125 0.68125 0.1 0.1625
4 0.0703125 0.6625 0.065625 0.09166666666666666
4 0.134375 0.7375 0.07500000000000001 0.1
4 0.1203125 0.8270833333333333 0.084375 0.10416666666666667
4 0.2625 0.6895833333333333 0.16875 0.22916666666666666
4 0.4109375 0.8291666666666666 0.109375 0.20833333333333334
4 0.5578125 0.6895833333333333 0.07187500000000001 0.10416666666666667
4 0.6156250000000001 0.7520833333333333 0.07500000000000001 0.09583333333333333
4 0.5625 0.8354166666666667 0.08125 0.10416666666666667
4 0.7359375 0.8354166666666667 0.078125 0.10416666666666667
4 0.0234375 0.7979166666666666 0.046875 0.10416666666666667
4 0.0328125 0.9520833333333333 0.065625 0.0875
4 0.2984375 0.8145833333333333 0.053125000000000006 0.0875
