0 0.1 0.1163141993957704 0.192 0.2326283987915408
0 0.307 0.37915407854984895 0.258 0.4380664652567976
0 0.354 0.8187311178247734 0.26 0.3564954682779456
0 0.5650000000000001 0.8111782477341389 0.19 0.3716012084592145
0 0.6930000000000001 0.8353474320241692 0.19 0.311178247734139
0 0.771 0.5287009063444109 0.198 0.3867069486404834
0 0.596 0.48036253776435045 0.196 0.3081570996978852
0 0.483 0.1933534743202417 0.28200000000000003 0.3867069486404834
0 0.301 0.11782477341389729 0.19 0.23564954682779457
0 0.388 0.6042296072507553 0.20400000000000001 0.21148036253776434
