2 0.22031250000000002 0.36929460580912865 0.178125 0.27385892116182575
2 0.20468750000000002 0.6514522821576764 0.234375 0.34024896265560167
2 0.3359375 0.22406639004149378 0.265625 0.24066390041493776
2 0.5546875 0.16597510373443983 0.22812500000000002 0.17427385892116182
2 0.765625 0.23236514522821577 0.1625 0.34024896265560167
2 0.8484375000000001 0.5 0.16562500000000002 0.27800829875518673
2 0.4265625 0.5622406639004149 0.234375 0.3029045643153527
2 0.603125 0.6265560165975104 0.21250000000000002 0.33195020746887965
2 0.6859375000000001 0.7904564315352697 0.153125 0.26141078838174275
2 0.33437500000000003 0.8672199170124482 0.24375000000000002 0.19917012448132781
