4 0.155 0.32732732732732733 0.09 0.14414414414414414
4 0.228 0.33483483483483484 0.088 0.16516516516516516
4 0.124 0.45345345345345345 0.20400000000000001 0.16816816816816815
4 0.106 0.5735735735735735 0.16 0.15615615615615616
4 0.132 0.6666666666666666 0.092 0.1021021021021021
4 0.13 0.7747747747747747 0.076 0.10810810810810811
4 0.218 0.5495495495495496 0.06 0.12012012012012012
4 0.317 0.45945945945945943 0.106 0.17417417417417416
4 0.501 0.48648648648648646 0.17400000000000002 0.24624624624624625
4 0.375 0.6426426426426426 0.10200000000000001 0.12612612612612611
4 0.41000000000000003 0.7462462462462462 0.088 0.14114114114114115
4 0.506 0.7327327327327328 0.12 0.1981981981981982
4 0.669 0.521021021021021 0.158 0.30930930930930933
4 0.865 0.7627627627627628 0.21 0.2702702702702703
4 0.879 0.44294294294294295 0.126 0.1891891891891892
4 0.937 0.31681681681681684 0.122 0.19519519519519518
