4 0.7916666666666666 0.8 0.4083333333333333 0.39166666666666666
4 0.7625 0.525 0.3416666666666667 0.31666666666666665
4 0.9208333333333333 0.4166666666666667 0.15 0.425
4 0.8020833333333334 0.20833333333333334 0.3875 0.4166666666666667
4 0.2520833333333333 0.625 0.2625 0.4083333333333333
4 0.38125 0.4 0.29583333333333334 0.4083333333333333
4 0.07083333333333333 0.14791666666666667 0.14166666666666666 0.29583333333333334
4 0.09375 0.5354166666666667 0.1875 0.4791666666666667
4 0.225 0.9 0.31666666666666665 0.19166666666666665
4 0.30625 0.19375 0.49583333333333335 0.3875
