4 0.2169811320754717 0.7104166666666667 0.24528301886792453 0.19583333333333333
4 0.4811320754716981 0.8104166666666667 0.22012578616352202 0.1875
4 0.7672955974842768 0.8354166666666667 0.18867924528301888 0.12916666666666665
4 0.8176100628930818 0.7708333333333334 0.15094339622641512 0.09166666666666666
4 0.7075471698113208 0.65 0.1320754716981132 0.08333333333333333
4 0.8930817610062893 0.65625 0.11320754716981132 0.07083333333333333
4 0.550314465408805 0.6291666666666667 0.14465408805031446 0.1
4 0.42452830188679247 0.60625 0.15723270440251574 0.09583333333333333
4 0.05660377358490566 0.48541666666666666 0.11320754716981132 0.1125
4 0.15094339622641512 0.5458333333333333 0.20125786163522014 0.14166666666666666
4 0.30817610062893086 0.5666666666666667 0.16352201257861637 0.125
4 0.20125786163522014 0.45625 0.13836477987421383 0.0875
4 0.35220125786163525 0.49374999999999997 0.08805031446540881 0.0625
4 0.5 0.5125 0.14465408805031446 0.11666666666666667
4 0.6981132075471699 0.5395833333333333 0.2641509433962264 0.15416666666666667
4 0.12578616352201258 0.3770833333333333 0.25157232704402516 0.10416666666666667
4 0.3176100628930818 0.4 0.1320754716981132 0.075
4 0.44654088050314467 0.44375 0.13836477987421383 0.07083333333333333
