0 0.5582010582010581 0.9145833333333333 0.164021164021164 0.07916666666666666
0 0.21428571428571427 0.6625 0.14285714285714285 0.06666666666666667
0 0.082010582010582 0.69375 0.164021164021164 0.07083333333333333
0 0.10846560846560846 0.8 0.1111111111111111 0.05
0 0.3968253968253968 0.7645833333333333 0.10582010582010581 0.05416666666666667
0 0.47619047619047616 0.7333333333333333 0.09523809523809523 0.041666666666666664
0 0.44179894179894175 0.68125 0.07936507936507936 0.0375
0 0.8253968253968254 0.5854166666666667 0.10582010582010581 0.04583333333333333
0 0.2275132275132275 0.7541666666666667 0.06349206349206349 0.041666666666666664
0 0.31481481481481477 0.7541666666666667 0.06878306878306878 0.03333333333333333
0 0.7883597883597884 0.6520833333333333 0.08465608465608465 0.0375
0 0.8783068783068783 0.6458333333333334 0.07407407407407407 0.03333333333333333
