0 0.45937500000000003 0.5931558935361216 0.4 0.3574144486692015
0 0.8625 0.42015209125475284 0.11875000000000001 0.10266159695817491
0 0.5203125000000001 0.19771863117870722 0.30312500000000003 0.2585551330798479
0 0.2578125 0.28517110266159695 0.153125 0.21292775665399238
0 0.290625 0.7357414448669202 0.21875 0.20912547528517111
0 0.046875 0.13878326996197718 0.09375 0.21673003802281368
0 0.3125 0.5076045627376425 0.24375000000000002 0.23193916349809887
0 0.6515625 0.49809885931558934 0.15937500000000002 0.19011406844106463
0 0.06406250000000001 0.6844106463878327 0.12812500000000002 0.16730038022813687
0 0.3640625 0.17110266159695817 0.09062500000000001 0.08365019011406843
0 0.9046875000000001 0.5399239543726235 0.184375 0.2509505703422053
