0 0.5833333333333334 0.47916666666666663 0.36666666666666664 0.2175925925925926
0 0.7979166666666666 0.5277777777777778 0.37083333333333335 0.18518518518518517
0 0.45625 0.6597222222222222 0.2791666666666667 0.17129629629629628
0 0.11041666666666666 0.44675925925925924 0.22083333333333333 0.17129629629629628
0 0.25416666666666665 0.2546296296296296 0.3416666666666667 0.17592592592592593
0 0.7583333333333333 0.12962962962962962 0.24166666666666667 0.14814814814814814
0 0.6375 0.27314814814814814 0.30833333333333335 0.15740740740740738
0 0.3645833333333333 0.33796296296296297 0.15416666666666667 0.09259259259259259
0 0.4895833333333333 0.15277777777777776 0.2791666666666667 0.19444444444444442
0 0.04791666666666666 0.14351851851851852 0.09583333333333333 0.2222222222222222
0 0.26666666666666666 0.09027777777777778 0.18333333333333332 0.14351851851851852
0 0.8708333333333333 0.21064814814814814 0.24166666666666667 0.2361111111111111
0 0.08125 0.6597222222222222 0.09583333333333333 0.10648148148148148
0 0.16041666666666665 0.6296296296296295 0.0875 0.08333333333333333
0 0.84375 0.9421296296296295 0.1125 0.08796296296296297
0 0.6583333333333333 0.7384259259259259 0.06666666666666667 0.11574074074074073
