4 0.114 0.8965053763440861 0.212 0.20161290322580647
4 0.895 0.6478494623655915 0.126 0.24731182795698928
4 0.383 0.4771505376344086 0.17 0.3198924731182796
4 0.109 0.4986559139784947 0.134 0.20161290322580647
4 0.23600000000000002 0.37231182795698925 0.116 0.18548387096774194
4 0.038 0.35080645161290325 0.076 0.1478494623655914
4 0.886 0.3844086021505377 0.14 0.21505376344086025
4 0.925 0.25268817204301075 0.146 0.16666666666666669
4 0.739 0.3682795698924731 0.11800000000000001 0.18817204301075272
4 0.617 0.31720430107526887 0.122 0.20430107526881722
4 0.449 0.31720430107526887 0.17400000000000002 0.2688172043010753
4 0.534 0.19758064516129034 0.1 0.20698924731182797
4 0.186 0.22177419354838712 0.372 0.26612903225806456
4 0.727 0.25 0.234 0.22043010752688175
