4 0.7953125000000001 0.7974137931034483 0.209375 0.16379310344827586
4 0.2078125 0.9310344827586207 0.22187500000000002 0.12931034482758622
4 0.0546875 0.8125 0.109375 0.2025862068965517
4 0.053125000000000006 0.6487068965517241 0.1 0.15086206896551724
4 0.146875 0.7068965517241379 0.0625 0.12931034482758622
4 0.21406250000000002 0.5969827586206896 0.084375 0.1336206896551724
4 0.2703125 0.7004310344827586 0.096875 0.17672413793103448
4 0.546875 0.709051724137931 0.10625000000000001 0.14224137931034483
4 0.5515625000000001 0.6293103448275862 0.078125 0.11206896551724138
4 0.6265625 0.6336206896551724 0.078125 0.12931034482758622
4 0.6781250000000001 0.5668103448275862 0.06875 0.15086206896551724
4 0.7390625000000001 0.5603448275862069 0.059375000000000004 0.10344827586206896
4 0.2578125 0.5301724137931034 0.515625 0.2672413793103448
4 0.578125 0.5 0.13125 0.19827586206896552
4 0.8203125 0.47413793103448276 0.353125 0.14655172413793102
4 0.8640625000000001 0.6228448275862069 0.184375 0.16810344827586207
