4 0.884 0.462797619047619 0.132 0.3005952380952381
4 0.75 0.5669642857142857 0.108 0.15773809523809523
4 0.633 0.31845238095238093 0.10200000000000001 0.1369047619047619
4 0.163 0.8229166666666666 0.082 0.13392857142857142
4 0.082 0.4360119047619047 0.08 0.25297619047619047
4 0.177 0.3883928571428571 0.138 0.1636904761904762
4 0.233 0.3169642857142857 0.11800000000000001 0.18154761904761904
4 0.25 0.22172619047619047 0.12 0.15773809523809523
4 0.264 0.5074404761904762 0.152 0.21726190476190474
4 0.396 0.4613095238095238 0.124 0.15476190476190477
4 0.458 0.7470238095238095 0.148 0.26190476190476186
4 0.589 0.7782738095238095 0.166 0.29464285714285715
4 0.718 0.6949404761904762 0.20400000000000001 0.20535714285714285
4 0.747 0.8288690476190476 0.138 0.18154761904761904
4 0.528 0.4464285714285714 0.112 0.17261904761904762
4 0.523 0.5595238095238095 0.10200000000000001 0.15476190476190477
4 0.36 0.5491071428571428 0.064 0.09226190476190475
4 0.431 0.519345238095238 0.09 0.14583333333333331
4 0.389 0.3407738095238095 0.078 0.12797619047619047
4 0.505 0.3020833333333333 0.114 0.18154761904761904
4 0.854 0.1800595238095238 0.06 0.09821428571428571
4 0.123 0.17559523809523808 0.15 0.21428571428571427
4 0.327 0.15178571428571427 0.10200000000000001 0.16666666666666666
4 0.47600000000000003 0.17559523809523808 0.17200000000000001 0.1845238095238095
4 0.39 0.24107142857142855 0.056 0.09523809523809523
4 0.5760000000000001 0.1294642857142857 0.068 0.09821428571428571
4 0.64 0.11904761904761904 0.06 0.09523809523809523
4 0.705 0.1532738095238095 0.07 0.11607142857142856
4 0.773 0.11755952380952381 0.078 0.11011904761904762
4 0.586 0.2425595238095238 0.064 0.11607142857142856
