4 0.8796875000000001 0.41875 0.134375 0.1125
4 0.9734375000000001 0.42291666666666666 0.046875 0.12916666666666665
4 0.828125 0.5229166666666667 0.20625000000000002 0.1375
4 0.9609375 0.5416666666666666 0.07187500000000001 0.14166666666666666
4 0.70625 0.5541666666666667 0.05625 0.08333333333333333
4 0.665625 0.65625 0.08750000000000001 0.14583333333333334
4 0.7265625 0.7041666666666666 0.059375000000000004 0.075
4 0.7765625 0.6333333333333333 0.09062500000000001 0.09166666666666666
4 0.7921875 0.7333333333333333 0.078125 0.10833333333333334
4 0.9187500000000001 0.6854166666666667 0.15625 0.20416666666666666
4 0.7546875000000001 0.39791666666666664 0.140625 0.10416666666666667
4 0.6578125 0.41041666666666665 0.059375000000000004 0.07916666666666666
4 0.6062500000000001 0.4270833333333333 0.05 0.07083333333333333
4 0.3875 0.64375 0.4625 0.1625
4 0.42500000000000004 0.5375 0.3375 0.06666666666666667
4 0.503125 0.4791666666666667 0.19375 0.06666666666666667
4 0.65 0.5020833333333333 0.1 0.10416666666666667
4 0.5578125 0.42916666666666664 0.084375 0.05
4 0.07968750000000001 0.6645833333333333 0.153125 0.1875
4 0.1375 0.45625 0.275 0.22083333333333333
4 0.340625 0.4041666666666667 0.1375 0.19166666666666665
4 0.453125 0.36875 0.1 0.14583333333333334
4 0.5593750000000001 0.35625 0.10625000000000001 0.10416666666666667
4 0.246875 0.33541666666666664 0.09375 0.04583333333333333
