4 0.07968750000000001 0.8459821428571428 0.09062500000000001 0.16517857142857142
4 0.534375 0.7924107142857142 0.14375000000000002 0.21875
4 0.8953125000000001 0.8549107142857142 0.203125 0.2544642857142857
4 0.6453125000000001 0.9441964285714285 0.134375 0.10267857142857142
4 0.1328125 0.42857142857142855 0.109375 0.16964285714285712
4 0.22031250000000002 0.4575892857142857 0.09062500000000001 0.15625
4 0.1421875 0.6160714285714285 0.12187500000000001 0.21428571428571427
4 0.2328125 0.6473214285714285 0.10312500000000001 0.1875
4 0.3453125 0.6160714285714285 0.096875 0.16964285714285712
4 0.3125 0.7276785714285714 0.14375000000000002 0.20535714285714285
4 0.7718750000000001 0.6607142857142857 0.13125 0.25
4 0.675 0.6004464285714285 0.125 0.27232142857142855
4 0.9500000000000001 0.375 0.09375 0.3125
4 0.8078125 0.3995535714285714 0.140625 0.3526785714285714
4 0.8125 0.13839285714285712 0.09375 0.16964285714285712
4 0.8734375000000001 0.140625 0.065625 0.14732142857142858
4 0.9500000000000001 0.1450892857142857 0.09375 0.14732142857142858
4 0.7781250000000001 0.049107142857142856 0.15625 0.09821428571428571
4 0.6921875000000001 0.11383928571428571 0.12187500000000001 0.14732142857142858
4 0.6234375000000001 0.15401785714285712 0.059375000000000004 0.12053571428571427
4 0.6781250000000001 0.22991071428571427 0.05 0.12053571428571427
4 0.6156250000000001 0.02901785714285714 0.08750000000000001 0.05803571428571428
4 0.603125 0.2589285714285714 0.10625000000000001 0.13392857142857142
4 0.584375 0.45982142857142855 0.1125 0.16964285714285712
4 0.4375 0.3058035714285714 0.09375 0.15625
4 0.525 0.24330357142857142 0.05625 0.12053571428571427
4 0.521875 0.3683035714285714 0.14375000000000002 0.17410714285714285
4 0.47500000000000003 0.09375 0.11875000000000001 0.17857142857142855
4 0.37031250000000004 0.14285714285714285 0.09062500000000001 0.17857142857142855
4 0.390625 0.05803571428571428 0.07500000000000001 0.11607142857142856
4 0.2703125 0.07142857142857142 0.084375 0.14285714285714285
4 0.23750000000000002 0.19419642857142855 0.10625000000000001 0.15625
4 0.19687500000000002 0.3125 0.05 0.10714285714285714
4 0.27968750000000003 0.33482142857142855 0.084375 0.1607142857142857
4 0.05625 0.10044642857142856 0.10625000000000001 0.14732142857142858
4 0.1609375 0.08258928571428571 0.12187500000000001 0.16517857142857142
