4 0.3395348837209302 0.9083333333333333 0.10232558139534884 0.13333333333333333
4 0.14418604651162792 0.8895833333333333 0.16744186046511628 0.17083333333333334
4 0.27906976744186046 0.775 0.11162790697674418 0.1
4 0.3930232558139535 0.7583333333333333 0.11627906976744186 0.11666666666666667
4 0.45813953488372094 0.8291666666666666 0.08837209302325581 0.1
4 0.5325581395348837 0.8541666666666666 0.07906976744186046 0.1
4 0.5348837209302325 0.71875 0.08372093023255814 0.10416666666666667
4 0.7093023255813954 0.80625 0.07906976744186046 0.12916666666666665
4 0.7604651162790698 0.7479166666666667 0.08837209302325581 0.09583333333333333
4 0.8186046511627907 0.7895833333333333 0.06511627906976744 0.0875
4 0.8790697674418605 0.7604166666666666 0.06511627906976744 0.07916666666666666
4 0.9511627906976744 0.75 0.08837209302325581 0.225
4 0.09302325581395349 0.6583333333333333 0.18604651162790697 0.2
4 0.22093023255813954 0.675 0.06976744186046512 0.16666666666666666
4 0.37209302325581395 0.6333333333333333 0.27906976744186046 0.18333333333333332
4 0.5279069767441861 0.63125 0.05116279069767442 0.0625
4 0.6186046511627907 0.59375 0.05581395348837209 0.0625
4 0.6441860465116279 0.6916666666666667 0.10697674418604651 0.1
4 0.7674418604651163 0.6708333333333333 0.10232558139534884 0.06666666666666667
4 0.7093023255813954 0.6104166666666666 0.06046511627906977 0.05416666666666667
4 0.8674418604651163 0.6125 0.05116279069767442 0.058333333333333334
