4 0.3484375 0.22291666666666665 0.209375 0.2875
4 0.553125 0.17708333333333334 0.2 0.2625
4 0.45156250000000003 0.3458333333333333 0.096875 0.16666666666666666
4 0.11406250000000001 0.475 0.10312500000000001 0.13333333333333333
4 0.25625000000000003 0.45 0.21250000000000002 0.23333333333333334
4 0.3671875 0.5229166666666667 0.09062500000000001 0.12916666666666665
4 0.14375000000000002 0.6229166666666667 0.1625 0.14583333333333334
4 0.353125 0.6270833333333333 0.07500000000000001 0.09583333333333333
4 0.2 0.8520833333333333 0.05 0.07916666666666666
4 0.034375 0.9291666666666667 0.05625 0.075
4 0.15000000000000002 0.775 0.05 0.06666666666666667
4 0.23593750000000002 0.7541666666666667 0.059375000000000004 0.08333333333333333
4 0.2609375 0.6729166666666666 0.053125000000000006 0.07083333333333333
4 0.45625000000000004 0.6770833333333334 0.10625000000000001 0.2708333333333333
4 0.5281250000000001 0.525 0.06875 0.1
4 0.5296875 0.6375 0.065625 0.09166666666666666
4 0.659375 0.50625 0.2 0.2375
4 0.7765625 0.54375 0.07187500000000001 0.0875
4 0.83125 0.4770833333333333 0.07500000000000001 0.09583333333333333
4 0.8968750000000001 0.5125 0.1125 0.15833333333333333
4 0.8421875000000001 0.5958333333333333 0.07187500000000001 0.11666666666666667
4 0.925 0.6479166666666667 0.13125 0.12916666666666665
