1 0.138 0.7133333333333333 0.136 0.09333333333333332
1 0.188 0.7573333333333333 0.076 0.06933333333333333
1 0.579 0.7919999999999999 0.08600000000000001 0.10133333333333333
1 0.76 0.7253333333333333 0.10400000000000001 0.096
1 0.8250000000000001 0.7093333333333333 0.066 0.08
1 0.762 0.6413333333333333 0.068 0.072
1 0.745 0.5559999999999999 0.062 0.056
1 0.801 0.496 0.07 0.058666666666666666
1 0.511 0.49066666666666664 0.09 0.06933333333333333
1 0.092 0.52 0.184 0.18133333333333332
1 0.293 0.5293333333333333 0.066 0.06133333333333333
1 0.234 0.45866666666666667 0.064 0.058666666666666666
1 0.277 0.428 0.042 0.056
1 0.527 0.4373333333333333 0.08600000000000001 0.048
1 0.625 0.5013333333333333 0.074 0.064
1 0.109 0.328 0.218 0.208
1 0.341 0.33199999999999996 0.242 0.15733333333333333
1 0.58 0.3333333333333333 0.23600000000000002 0.18133333333333332
1 0.798 0.33066666666666666 0.2 0.09066666666666666
1 0.93 0.37866666666666665 0.052000000000000005 0.058666666666666666
1 0.9450000000000001 0.5386666666666666 0.046 0.048
