4 0.647 0.17076923076923076 0.15 0.3353846153846154
4 0.8320000000000001 0.39692307692307693 0.164 0.32
4 0.163 0.18615384615384614 0.114 0.2553846153846154
4 0.15 0.46923076923076923 0.148 0.3476923076923077
4 0.28500000000000003 0.36153846153846153 0.226 0.36615384615384616
4 0.545 0.4523076923076923 0.314 0.3507692307692308
4 0.442 0.26153846153846155 0.148 0.2276923076923077
4 0.033 0.4492307692307692 0.066 0.24
4 0.443 0.72 0.266 0.39384615384615385
4 0.061 0.15846153846153846 0.122 0.24923076923076923
