1 0.262 0.36486486486486486 0.112 0.13513513513513514
1 0.19 0.5615615615615616 0.092 0.11411411411411411
1 0.131 0.7402402402402403 0.09 0.12312312312312312
1 0.201 0.8588588588588588 0.10200000000000001 0.0960960960960961
1 0.547 0.9054054054054054 0.126 0.17717717717717718
1 0.63 0.8198198198198198 0.124 0.17417417417417416
1 0.895 0.8813813813813813 0.20600000000000002 0.23123123123123124
1 0.231 0.6831831831831832 0.09 0.1111111111111111
1 0.301 0.7012012012012012 0.08600000000000001 0.11711711711711711
1 0.41100000000000003 0.5795795795795796 0.098 0.11411411411411411
1 0.548 0.6861861861861862 0.084 0.12312312312312312
1 0.62 0.6936936936936937 0.08 0.0960960960960961
1 0.774 0.6351351351351351 0.112 0.11711711711711711
1 0.667 0.49099099099099097 0.062 0.07507507507507508
1 0.77 0.44294294294294295 0.07200000000000001 0.08108108108108109
1 0.774 0.542042042042042 0.096 0.0990990990990991
1 0.9510000000000001 0.5825825825825826 0.094 0.2042042042042042
1 0.38 0.45045045045045046 0.052000000000000005 0.07207207207207207
1 0.278 0.545045045045045 0.096 0.10510510510510511
1 0.356 0.5630630630630631 0.056 0.07507507507507508
1 0.082 0.5870870870870871 0.164 0.17117117117117117
1 0.484 0.39789789789789787 0.052000000000000005 0.057057057057057055
1 0.457 0.466966966966967 0.054 0.06906906906906907
1 0.56 0.4099099099099099 0.08 0.11711711711711711
1 0.628 0.4084084084084084 0.052000000000000005 0.06006006006006006
1 0.378 0.3783783783783784 0.06 0.07207207207207207
1 0.062 0.4039039039039039 0.056 0.07507507507507508
1 0.499 0.2012012012012012 0.998 0.4024024024024024
