2 0.7468750000000001 0.5070422535211268 0.14375000000000002 0.1619718309859155
2 0.55625 0.4471830985915493 0.1 0.14084507042253522
2 0.875 0.4084507042253521 0.1625 0.1971830985915493
2 0.7250000000000001 0.3890845070422535 0.1 0.08098591549295775
2 0.553125 0.2975352112676056 0.1375 0.13732394366197184
2 0.665625 0.23415492957746478 0.0625 0.08802816901408451
2 0.8453125 0.28169014084507044 0.240625 0.11267605633802817
2 0.4296875 0.3644366197183099 0.084375 0.08098591549295775
2 0.060937500000000006 0.198943661971831 0.12187500000000001 0.25704225352112675
2 0.16875 0.16549295774647887 0.15000000000000002 0.2112676056338028
2 0.296875 0.08098591549295775 0.20625000000000002 0.11267605633802817
2 0.32656250000000003 0.2711267605633803 0.16562500000000002 0.26760563380281693
2 0.50625 0.18661971830985916 0.24375000000000002 0.16901408450704225
