0 0.140625 0.48684210526315785 0.08750000000000001 0.09649122807017543
0 0.15156250000000002 0.6666666666666666 0.065625 0.13157894736842105
0 0.31093750000000003 0.39692982456140347 0.065625 0.08333333333333333
0 0.375 0.5548245614035088 0.06875 0.08333333333333333
0 0.48125 0.5087719298245614 0.06875 0.07894736842105263
0 0.48281250000000003 0.6864035087719298 0.09062500000000001 0.18859649122807015
0 0.521875 0.375 0.05625 0.06578947368421052
0 0.6984375 0.17982456140350878 0.065625 0.09649122807017543
0 0.68125 0.3048245614035088 0.0625 0.10087719298245613
0 0.7640625000000001 0.3114035087719298 0.07187500000000001 0.08771929824561403
0 0.74375 0.38596491228070173 0.0625 0.08771929824561403
0 0.6531250000000001 0.40789473684210525 0.05625 0.07894736842105263
0 0.6859375000000001 0.4473684210526315 0.053125000000000006 0.07894736842105263
0 0.6687500000000001 0.6228070175438596 0.0625 0.08771929824561403
0 0.671875 0.7236842105263157 0.043750000000000004 0.05263157894736842
0 0.7828125 0.5942982456140351 0.046875 0.05701754385964912
0 0.925 0.47368421052631576 0.05 0.07894736842105263
0 0.7359375 0.9342105263157894 0.07187500000000001 0.10526315789473684
