1 0.123 0.596096096096096 0.222 0.35135135135135137
1 0.233 0.6816816816816816 0.11 0.21021021021021022
1 0.383 0.7897897897897898 0.146 0.21021021021021022
1 0.383 0.6366366366366366 0.10200000000000001 0.13813813813813813
1 0.56 0.7192192192192192 0.136 0.19519519519519518
1 0.655 0.8768768768768769 0.134 0.17417417417417416
1 0.859 0.3048048048048048 0.278 0.5615615615615616
1 0.8310000000000001 0.6636636636636637 0.106 0.18018018018018017
1 0.489 0.6621621621621622 0.058 0.15915915915915915
1 0.28800000000000003 0.527027027027027 0.108 0.13513513513513514
1 0.516 0.524024024024024 0.10400000000000001 0.13513513513513514
1 0.64 0.5405405405405406 0.1 0.17417417417417416
1 0.651 0.6936936936936937 0.05 0.0960960960960961
1 0.735 0.7297297297297297 0.07 0.06606606606606606
1 0.936 0.9174174174174174 0.124 0.15915915915915915
