2 0.398 0.1381766381766382 0.148 0.23076923076923078
2 0.5700000000000001 0.2250712250712251 0.17200000000000001 0.2621082621082621
2 0.601 0.4572649572649573 0.222 0.28774928774928776
2 0.687 0.6153846153846154 0.258 0.301994301994302
2 0.802 0.8490028490028491 0.224 0.21652421652421652
2 0.883 0.754985754985755 0.202 0.25641025641025644
2 0.769 0.0754985754985755 0.178 0.150997150997151
2 0.886 0.0868945868945869 0.112 0.1737891737891738
2 0.9480000000000001 0.14814814814814817 0.1 0.18803418803418803
2 0.805 0.32193732193732194 0.214 0.3076923076923077
