4 0.083 0.8117469879518072 0.11 0.1897590361445783
4 0.036000000000000004 0.5813253012048193 0.07200000000000001 0.22289156626506026
4 0.067 0.3433734939759036 0.134 0.22289156626506026
4 0.135 0.25903614457831325 0.13 0.1746987951807229
4 0.195 0.32680722891566266 0.11 0.20783132530120482
4 0.163 0.4367469879518073 0.098 0.16265060240963855
4 0.28800000000000003 0.4954819277108434 0.084 0.18373493975903615
4 0.447 0.3599397590361446 0.11 0.20180722891566266
4 0.442 0.5647590361445783 0.092 0.16566265060240964
4 0.513 0.6897590361445783 0.08600000000000001 0.13855421686746988
4 0.47900000000000004 0.5 0.07 0.13855421686746988
4 0.546 0.4307228915662651 0.112 0.1927710843373494
4 0.625 0.3493975903614458 0.098 0.16867469879518074
4 0.651 0.5286144578313253 0.098 0.1536144578313253
4 0.73 0.6385542168674699 0.096 0.14457831325301207
4 0.865 0.4789156626506024 0.09 0.1566265060240964
4 0.9530000000000001 0.5436746987951807 0.07 0.13554216867469882
4 0.93 0.7289156626506025 0.136 0.25903614457831325
