2 0.07 0.33164983164983164 0.076 0.10437710437710437
2 0.124 0.5286195286195285 0.064 0.11447811447811447
2 0.187 0.13973063973063973 0.074 0.10437710437710437
2 0.321 0.46296296296296297 0.106 0.13804713804713803
2 0.311 0.5808080808080808 0.138 0.16498316498316498
2 0.497 0.5387205387205387 0.158 0.21548821548821548
2 0.674 0.9309764309764309 0.092 0.12457912457912457
2 0.9560000000000001 0.9410774410774411 0.08 0.1111111111111111
2 0.9530000000000001 0.5218855218855218 0.058 0.10774410774410774
2 0.9470000000000001 0.3754208754208754 0.10200000000000001 0.15824915824915825
2 0.86 0.19696969696969696 0.056 0.18518518518518517
2 0.267 0.057239057239057235 0.054 0.0808080808080808
2 0.203 0.24579124579124578 0.07 0.10101010101010101
2 0.23 0.35858585858585856 0.064 0.1111111111111111
2 0.425 0.11447811447811447 0.182 0.16835016835016833
2 0.579 0.3265993265993266 0.11800000000000001 0.2828282828282828
2 0.756 0.08754208754208753 0.156 0.17508417508417506
