0 0.04088050314465409 0.55 0.08176100628930819 0.08333333333333333
0 0.07861635220125787 0.69375 0.15723270440251574 0.10416666666666667
0 0.25157232704402516 0.7354166666666666 0.2138364779874214 0.0875
0 0.08176100628930819 0.9645833333333333 0.16352201257861637 0.0625
0 0.22955974842767296 0.9291666666666667 0.22012578616352202 0.08333333333333333
0 0.7201257861635221 0.8666666666666667 0.1949685534591195 0.1
0 0.8584905660377359 0.7395833333333334 0.27044025157232704 0.1625
0 0.6415094339622642 0.6041666666666666 0.20125786163522014 0.1
0 0.8805031446540881 0.43333333333333335 0.22641509433962265 0.16666666666666666
0 0.13836477987421383 0.29791666666666666 0.16352201257861637 0.0625
0 0.3427672955974843 0.8104166666666667 0.1949685534591195 0.07083333333333333
0 0.8238993710691824 0.9354166666666667 0.13836477987421383 0.10416666666666667
0 0.3584905660377359 0.6020833333333333 0.16352201257861637 0.07083333333333333
0 0.4056603773584906 0.7104166666666667 0.22012578616352202 0.0875
0 0.16666666666666669 0.5604166666666667 0.22012578616352202 0.0625
0 0.48427672955974843 0.44375 0.3144654088050315 0.14583333333333334
0 0.8710691823899371 0.27291666666666664 0.24528301886792453 0.0875
0 0.8553459119496856 0.15833333333333333 0.27672955974842767 0.15
0 0.29874213836477986 0.125 0.5974842767295597 0.225
0 0.4591194968553459 0.3104166666666667 0.27672955974842767 0.1125
0 0.03459119496855346 0.3625 0.06918238993710692 0.075
