4 0.8453125 0.7748917748917749 0.15937500000000002 0.19047619047619047
4 0.7562500000000001 0.7229437229437229 0.037500000000000006 0.08658008658008658
4 0.3984375 0.6818181818181818 0.078125 0.12554112554112554
4 0.44062500000000004 0.8051948051948052 0.05 0.07792207792207792
4 0.28750000000000003 0.6796536796536796 0.07500000000000001 0.09523809523809523
4 0.2515625 0.8073593073593074 0.034375 0.0735930735930736
4 0.5203125000000001 0.5952380952380952 0.07187500000000001 0.1341991341991342
4 0.5859375 0.6103896103896104 0.078125 0.12121212121212122
4 0.1625 0.6774891774891775 0.05625 0.09956709956709957
4 0.05625 0.6341991341991342 0.08750000000000001 0.2727272727272727
4 0.109375 0.5 0.08750000000000001 0.09956709956709957
4 0.22812500000000002 0.5562770562770563 0.14375000000000002 0.12554112554112554
4 0.3984375 0.5324675324675324 0.15937500000000002 0.22510822510822512
4 0.55 0.5 0.15000000000000002 0.10822510822510822
4 0.9046875000000001 0.48917748917748916 0.078125 0.11255411255411256
4 0.7484375000000001 0.5086580086580087 0.234375 0.1774891774891775
4 0.234375 0.47186147186147187 0.1625 0.09523809523809523
4 0.08125 0.4134199134199134 0.14375000000000002 0.10822510822510822
4 0.284375 0.41125541125541126 0.26875 0.1038961038961039
4 0.5203125000000001 0.41125541125541126 0.209375 0.11255411255411256
4 0.8 0.3961038961038961 0.35625 0.09956709956709957
