4 0.728125 0.15990990990990991 0.20625000000000002 0.3018018018018018
4 0.875 0.6126126126126126 0.15625 0.23423423423423423
4 0.609375 0.6306306306306306 0.1625 0.18018018018018017
4 0.565625 0.7454954954954955 0.07500000000000001 0.1036036036036036
4 0.6265625 0.8108108108108109 0.065625 0.10810810810810811
4 0.6828125 0.8603603603603603 0.065625 0.10810810810810811
4 0.3484375 0.536036036036036 0.134375 0.18018018018018017
4 0.18906250000000002 0.5315315315315315 0.115625 0.1891891891891892
4 0.22031250000000002 0.6689189189189189 0.140625 0.16666666666666666
4 0.0546875 0.7319819819819819 0.10312500000000001 0.15765765765765766
4 0.3640625 0.8063063063063063 0.078125 0.11711711711711711
4 0.4375 0.7342342342342342 0.11875000000000001 0.13513513513513514
4 0.846875 0.7882882882882882 0.07500000000000001 0.11711711711711711
4 0.9515625000000001 0.6734234234234234 0.07187500000000001 0.1036036036036036
4 0.9265625000000001 0.777027027027027 0.09062500000000001 0.13963963963963963
4 0.246875 0.8288288288288288 0.14375000000000002 0.13513513513513514
