0 0.0625 0.7582159624413146 0.07500000000000001 0.11737089201877934
0 0.284375 0.8098591549295775 0.09375 0.11737089201877934
0 0.43593750000000003 0.7676056338028169 0.053125000000000006 0.09859154929577466
0 0.6921875000000001 0.7699530516431925 0.065625 0.09389671361502347
0 0.8484375000000001 0.7699530516431925 0.115625 0.1596244131455399
0 0.4609375 0.5164319248826291 0.12187500000000001 0.18779342723004694
0 0.40625 0.2112676056338028 0.11875000000000001 0.11267605633802817
0 0.1 0.4154929577464789 0.11875000000000001 0.0892018779342723
0 0.571875 0.28169014084507044 0.2625 0.2347417840375587
0 0.940625 0.5140845070422535 0.1125 0.20187793427230047
0 0.75 0.6291079812206573 0.08750000000000001 0.10328638497652583
0 0.5296875 0.5469483568075117 0.12187500000000001 0.17370892018779344
0 0.853125 0.17370892018779344 0.1125 0.14084507042253522
0 0.6781250000000001 0.4765258215962441 0.08125 0.11737089201877934
0 0.13125 0.3051643192488263 0.08125 0.10328638497652583
