0 0.0890625 0.046948356807511735 0.178125 0.09389671361502347
0 0.24531250000000002 0.11971830985915494 0.178125 0.22065727699530516
0 0.478125 0.056338028169014086 0.15625 0.11267605633802817
0 0.08125 0.3873239436619718 0.1625 0.22065727699530516
0 0.371875 0.48826291079812206 0.06875 0.09389671361502347
0 0.4765625 0.8849765258215962 0.27187500000000003 0.22065727699530516
0 0.6687500000000001 0.6525821596244131 0.10625000000000001 0.12206572769953052
0 0.775 0.7676056338028169 0.06875 0.107981220657277
0 0.1125 0.9671361502347418 0.08750000000000001 0.056338028169014086
0 0.953125 0.823943661971831 0.08750000000000001 0.19248826291079812
0 0.721875 0.17605633802816903 0.16875 0.17370892018779344
0 0.8171875000000001 0.15492957746478875 0.178125 0.2347417840375587
0 0.875 0.37089201877934275 0.24375000000000002 0.1971830985915493
0 0.65625 0.4272300469483568 0.25 0.28169014084507044
0 0.8500000000000001 0.9201877934272301 0.07500000000000001 0.08450704225352113
0 0.0484375 0.7042253521126761 0.065625 0.09389671361502347
