2 0.06875 0.9041666666666667 0.1375 0.18333333333333332
2 0.2625 0.68125 0.23750000000000002 0.2708333333333333
2 0.45156250000000003 0.6104166666666666 0.246875 0.2791666666666667
2 0.6109375 0.4666666666666667 0.146875 0.20833333333333334
2 0.8093750000000001 0.60625 0.25 0.37916666666666665
2 0.6109375 0.7229166666666667 0.184375 0.2708333333333333
2 0.3609375 0.12083333333333333 0.27187500000000003 0.24166666666666667
2 0.446875 0.2520833333333333 0.2625 0.22916666666666666
2 0.22968750000000002 0.39791666666666664 0.096875 0.25416666666666665
2 0.325 0.3416666666666667 0.09375 0.10833333333333334
2 0.3796875 0.4583333333333333 0.084375 0.125
