2 0.6484375 0.18333333333333332 0.10312500000000001 0.10833333333333334
2 0.7390625000000001 0.3125 0.084375 0.15
2 0.5109375 0.6291666666666667 0.109375 0.15
2 0.3484375 0.8125 0.084375 0.125
2 0.060937500000000006 0.7229166666666667 0.084375 0.1375
2 0.13125 0.7229166666666667 0.05 0.07083333333333333
2 0.0234375 0.825 0.034375 0.06666666666666667
2 0.07187500000000001 0.9041666666666667 0.037500000000000006 0.075
2 0.146875 0.8854166666666666 0.09375 0.07916666666666666
2 0.30312500000000003 0.8895833333333333 0.07500000000000001 0.09583333333333333
2 0.2515625 0.6854166666666667 0.146875 0.12083333333333333
2 0.3796875 0.6979166666666666 0.065625 0.0875
2 0.296875 0.58125 0.06875 0.09583333333333333
2 0.4 0.58125 0.0625 0.07916666666666666
2 0.453125 0.5645833333333333 0.043750000000000004 0.0875
2 0.584375 0.5375 0.1 0.15833333333333333
2 0.3359375 0.46249999999999997 0.065625 0.15833333333333333
2 0.4546875 0.44166666666666665 0.16562500000000002 0.15833333333333333
2 0.13593750000000002 0.3875 0.19687500000000002 0.175
2 0.23125 0.49166666666666664 0.05625 0.08333333333333333
2 0.28750000000000003 0.4666666666666667 0.043750000000000004 0.09166666666666666
2 0.465625 0.13125 0.125 0.12916666666666665
2 0.2578125 0.04583333333333333 0.19687500000000002 0.09166666666666666
2 0.15781250000000002 0.21041666666666667 0.171875 0.1625
2 0.278125 0.28125 0.08125 0.22083333333333333
2 0.37812500000000004 0.3375 0.14375000000000002 0.11666666666666667
2 0.4609375 0.25 0.12812500000000002 0.09166666666666666
