0 0.07100000000000001 0.3138138138138138 0.14200000000000002 0.26726726726726724
0 0.039 0.6846846846846847 0.078 0.32432432432432434
0 0.234 0.6681681681681682 0.192 0.2732732732732733
0 0.326 0.44144144144144143 0.224 0.3063063063063063
0 0.494 0.5585585585585585 0.276 0.3843843843843844
0 0.418 0.15015015015015015 0.232 0.3003003003003003
0 0.649 0.09309309309309309 0.21 0.18618618618618618
0 0.9530000000000001 0.3018018018018018 0.09 0.2732732732732733
0 0.836 0.8138138138138138 0.296 0.3663663663663664
0 0.551 0.8558558558558559 0.222 0.2822822822822823
0 0.636 0.7342342342342342 0.232 0.36336336336336333
0 0.849 0.6066066066066066 0.226 0.3183183183183183
0 0.926 0.5945945945945946 0.14400000000000002 0.39039039039039036
