2 0.29375 0.3326848249027237 0.3875 0.36186770428015563
2 0.23750000000000002 0.07587548638132297 0.225 0.15175097276264593
2 0.43125 0.021400778210116732 0.1375 0.042801556420233464
2 0.571875 0.09922178988326849 0.21875 0.12062256809338522
2 0.8609375 0.20038910505836577 0.27187500000000003 0.29961089494163423
2 0.040625 0.30350194552529186 0.08125 0.2178988326848249
2 0.05625 0.5330739299610895 0.10625000000000001 0.14007782101167315
2 0.0765625 0.6634241245136187 0.153125 0.12062256809338522
2 0.07500000000000001 0.8346303501945526 0.15000000000000002 0.20622568093385213
2 0.2625 0.9319066147859922 0.21250000000000002 0.12840466926070038
