0 0.057 0.03987730061349693 0.114 0.07975460122699386
0 0.049 0.15184049079754602 0.098 0.17484662576687118
0 0.203 0.19938650306748468 0.17 0.2638036809815951
0 0.28400000000000003 0.3773006134969325 0.112 0.1901840490797546
0 0.089 0.36042944785276076 0.154 0.22392638036809817
0 0.14 0.5996932515337423 0.164 0.22392638036809817
0 0.028 0.7162576687116564 0.056 0.18711656441717792
0 0.091 0.7822085889570553 0.166 0.2147239263803681
0 0.075 0.9340490797546013 0.13 0.12576687116564417
0 0.267 0.8957055214723927 0.146 0.20245398773006135
0 0.405 0.6104294478527608 0.134 0.20245398773006135
0 0.369 0.7684049079754601 0.114 0.16257668711656442
0 0.5640000000000001 0.7438650306748467 0.128 0.19325153374233128
0 0.482 0.9263803680981595 0.052000000000000005 0.06748466257668712
0 0.6900000000000001 0.8773006134969326 0.128 0.22699386503067484
0 0.731 0.6687116564417178 0.134 0.2147239263803681
0 0.937 0.8067484662576687 0.122 0.22699386503067484
0 0.275 0.05368098159509203 0.126 0.10736196319018405
0 0.403 0.03834355828220859 0.094 0.07668711656441718
0 0.355 0.23773006134969327 0.054 0.11349693251533742
0 0.397 0.4049079754601227 0.098 0.17177914110429449
0 0.456 0.3098159509202454 0.10400000000000001 0.19631901840490798
0 0.523 0.16257668711656442 0.094 0.15337423312883436
0 0.5720000000000001 0.3113496932515338 0.07200000000000001 0.15644171779141106
0 0.521 0.4723926380368098 0.122 0.17791411042944785
0 0.682 0.33588957055214724 0.156 0.2730061349693252
0 0.639 0.06901840490797546 0.094 0.13803680981595093
0 0.749 0.03834355828220859 0.10200000000000001 0.07668711656441718
0 0.874 0.05674846625766871 0.084 0.11349693251533742
0 0.8280000000000001 0.19631901840490798 0.1 0.17177914110429449
0 0.928 0.21779141104294478 0.124 0.22699386503067484
0 0.874 0.39877300613496935 0.14 0.2392638036809816
0 0.86 0.5812883435582822 0.132 0.18098159509202455
