0 0.043750000000000004 0.3817427385892116 0.08750000000000001 0.0912863070539419
0 0.0578125 0.46680497925311204 0.046875 0.07053941908713693
0 0.1125 0.44190871369294604 0.037500000000000006 0.05394190871369295
0 0.1921875 0.524896265560166 0.07187500000000001 0.06224066390041494
0 0.1703125 0.6203319502074689 0.153125 0.08713692946058091
0 0.4234375 0.7863070539419087 0.12187500000000001 0.14522821576763487
0 0.7156250000000001 0.8174273858921162 0.35000000000000003 0.24066390041493776
0 0.20468750000000002 0.4004149377593361 0.12187500000000001 0.12033195020746888
0 0.321875 0.37344398340248963 0.125 0.06639004149377593
0 0.41250000000000003 0.3112033195020747 0.19375 0.1078838174273859
0 0.328125 0.45020746887966806 0.05 0.04564315352697095
0 0.3921875 0.520746887966805 0.059375000000000004 0.04564315352697095
0 0.42031250000000003 0.4315352697095436 0.12812500000000002 0.11618257261410789
0 0.5390625 0.45228215767634855 0.109375 0.11618257261410789
0 0.5234375 0.524896265560166 0.178125 0.1037344398340249
0 0.509375 0.5995850622406639 0.043750000000000004 0.04564315352697095
0 0.6015625 0.6224066390041494 0.059375000000000004 0.06639004149377593
0 0.7718750000000001 0.6099585062240664 0.03125 0.049792531120331954
0 0.80625 0.516597510373444 0.05 0.05394190871369295
0 0.6843750000000001 0.22406639004149378 0.1125 0.07468879668049792
0 0.671875 0.35477178423236516 0.09375 0.11203319502074689
0 0.946875 0.2800829875518672 0.07500000000000001 0.0954356846473029
