2 0.2597765363128492 0.2708333333333333 0.19553072625698326 0.1
2 0.20670391061452514 0.36666666666666664 0.2011173184357542 0.13333333333333333
2 0.35195530726256985 0.43124999999999997 0.2011173184357542 0.14583333333333334
2 0.547486033519553 0.4395833333333333 0.2122905027932961 0.14583333333333334
2 0.7122905027932961 0.38125 0.19553072625698326 0.14583333333333334
2 0.3770949720670391 0.33958333333333335 0.18435754189944134 0.10416666666666667
2 0.547486033519553 0.3333333333333333 0.1787709497206704 0.1
2 0.39664804469273746 0.22708333333333333 0.1787709497206704 0.07916666666666666
2 0.5614525139664804 0.225 0.15083798882681565 0.075
2 0.4581005586592179 0.26666666666666666 0.1675977653631285 0.075
2 0.6815642458100559 0.2791666666666667 0.2011173184357542 0.08333333333333333
