0 0.40800000000000003 0.42694805194805197 0.812 0.8214285714285715
0 0.645 0.6347402597402598 0.562 0.6201298701298702
0 0.707 0.8928571428571429 0.198 0.2077922077922078
0 0.933 0.288961038961039 0.13 0.26623376623376627
0 0.892 0.9090909090909092 0.07200000000000001 0.15584415584415584
0 0.842 0.48701298701298706 0.184 0.19480519480519481
0 0.784 0.24675324675324678 0.10400000000000001 0.13636363636363638
0 0.6950000000000001 0.41720779220779225 0.322 0.2564935064935065
0 0.06 0.5324675324675325 0.092 0.16233766233766234
0 0.305 0.7418831168831169 0.114 0.21753246753246755
0 0.132 0.7012987012987013 0.148 0.2207792207792208
0 0.9500000000000001 0.5665584415584416 0.096 0.288961038961039
