4 0.12 0.2832446808510638 0.096 0.11968085106382978
4 0.221 0.24069148936170212 0.08600000000000001 0.11436170212765957
4 0.34600000000000003 0.24867021276595744 0.076 0.09840425531914894
4 0.357 0.32978723404255317 0.066 0.10106382978723404
4 0.418 0.3098404255319149 0.064 0.09840425531914894
4 0.385 0.3670212765957447 0.062 0.0797872340425532
4 0.258 0.42154255319148937 0.056 0.08776595744680851
4 0.304 0.41223404255319146 0.06 0.09042553191489361
4 0.507 0.3404255319148936 0.082 0.14893617021276595
4 0.522 0.4906914893617021 0.056 0.08776595744680851
4 0.5740000000000001 0.5305851063829787 0.068 0.1622340425531915
4 0.592 0.2845744680851064 0.07200000000000001 0.09574468085106383
4 0.636 0.2765957446808511 0.076 0.12234042553191489
4 0.779 0.22606382978723405 0.09 0.11702127659574468
4 0.8310000000000001 0.3390957446808511 0.09 0.125
