3 0.528 0.146875 0.28800000000000003 0.29375
3 0.177 0.146875 0.35000000000000003 0.1875
3 0.917 0.16718750000000002 0.162 0.265625
3 0.41000000000000003 0.5828125000000001 0.196 0.278125
3 0.363 0.353125 0.11800000000000001 0.21250000000000002
3 0.497 0.4265625 0.158 0.259375
3 0.672 0.509375 0.152 0.25625000000000003
3 0.727 0.31562500000000004 0.134 0.1625
3 0.808 0.48125 0.136 0.275
3 0.067 0.41250000000000003 0.13 0.225
3 0.177 0.5453125 0.194 0.278125
3 0.209 0.3453125 0.14200000000000002 0.215625
