3 0.314 0.5195195195195195 0.088 0.12612612612612611
3 0.441 0.5840840840840841 0.094 0.15915915915915915
3 0.904 0.2042042042042042 0.188 0.23423423423423423
3 0.897 0.45945945945945943 0.062 0.11411411411411411
3 0.9410000000000001 0.7972972972972973 0.078 0.21921921921921922
3 0.28700000000000003 0.22672672672672672 0.562 0.24324324324324323
3 0.502 0.4369369369369369 0.08 0.1111111111111111
3 0.38 0.42042042042042044 0.092 0.10810810810810811
3 0.268 0.40540540540540543 0.056 0.07807807807807808
3 0.101 0.49399399399399396 0.114 0.1831831831831832
3 0.019 0.46396396396396394 0.038 0.08708708708708708
