4 0.093 0.2132132132132132 0.178 0.25225225225225223
4 0.243 0.32732732732732733 0.166 0.24024024024024024
4 0.334 0.48348348348348347 0.148 0.2042042042042042
4 0.23500000000000001 0.6126126126126126 0.21 0.21621621621621623
4 0.47000000000000003 0.6486486486486487 0.188 0.21021021021021022
4 0.139 0.9054054054054054 0.126 0.15315315315315314
4 0.51 0.22672672672672672 0.18 0.2852852852852853
4 0.64 0.18768768768768768 0.14 0.24324324324324323
4 0.579 0.4114114114114114 0.14200000000000002 0.18618618618618618
4 0.62 0.551051051051051 0.128 0.19519519519519518
