2 0.262 0.5093333333333333 0.304 0.4106666666666667
2 0.611 0.45599999999999996 0.378 0.352
2 0.884 0.5786666666666667 0.228 0.368
2 0.42 0.74 0.336 0.5146666666666666
2 0.6890000000000001 0.72 0.246 0.304
2 0.882 0.8466666666666667 0.232 0.30133333333333334
2 0.156 0.8146666666666667 0.312 0.36533333333333334
2 0.06 0.5 0.12 0.3173333333333333
2 0.12 0.312 0.168 0.21333333333333332
2 0.213 0.16533333333333333 0.298 0.33066666666666666
2 0.443 0.20666666666666667 0.162 0.41333333333333333
2 0.684 0.19333333333333333 0.32 0.38666666666666666
2 0.914 0.15333333333333332 0.168 0.30666666666666664
