4 0.5694444444444444 0.8604166666666666 0.38333333333333336 0.2708333333333333
4 0.7277777777777779 0.7125 0.35555555555555557 0.25
4 0.8 0.5729166666666666 0.15555555555555556 0.10416666666666667
4 0.8694444444444445 0.49374999999999997 0.18333333333333335 0.12083333333333333
4 0.8166666666666667 0.3541666666666667 0.22222222222222224 0.18333333333333332
4 0.8583333333333334 0.07708333333333334 0.27222222222222225 0.15416666666666667
4 0.7777777777777778 0.22708333333333333 0.11111111111111112 0.09583333333333333
4 0.9555555555555556 0.28541666666666665 0.07777777777777778 0.10416666666666667
4 0.41111111111111115 0.6333333333333333 0.24444444444444446 0.2
4 0.5027777777777778 0.5125 0.18333333333333335 0.11666666666666667
4 0.3805555555555556 0.4458333333333333 0.21666666666666667 0.13333333333333333
4 0.07777777777777778 0.5604166666666667 0.15555555555555556 0.12083333333333333
4 0.20555555555555557 0.5416666666666666 0.23333333333333334 0.15833333333333333
4 0.45555555555555555 0.2375 0.26666666666666666 0.13333333333333333
4 0.6305555555555555 0.14583333333333334 0.11666666666666667 0.11666666666666667
4 0.4222222222222222 0.09166666666666666 0.3666666666666667 0.16666666666666666
4 0.10555555555555556 0.12708333333333333 0.2111111111111111 0.1875
4 0.24722222222222223 0.20625 0.1277777777777778 0.10416666666666667
4 0.09722222222222222 0.35833333333333334 0.19444444444444445 0.2833333333333333
4 0.23055555555555557 0.33125 0.16111111111111112 0.14583333333333334
4 0.2555555555555556 0.425 0.1 0.09166666666666666
