4 0.2546875 0.2895833333333333 0.39687500000000003 0.3958333333333333
4 0.7625000000000001 0.225 0.46875 0.45
4 0.4421875 0.7666666666666666 0.203125 0.25
4 0.690625 0.7104166666666667 0.125 0.1375
4 0.2484375 0.9249999999999999 0.19687500000000002 0.14166666666666666
4 0.3671875 0.46875 0.178125 0.29583333333333334
4 0.5046875000000001 0.3541666666666667 0.065625 0.09166666666666666
4 0.59375 0.36875 0.07500000000000001 0.0875
4 0.5609375 0.48541666666666666 0.203125 0.17916666666666667
4 0.8625 0.4979166666666667 0.26875 0.3125
4 0.09062500000000001 0.46875 0.1375 0.1375
4 0.19375 0.5979166666666667 0.10625000000000001 0.15416666666666667
4 0.5640625 0.6541666666666667 0.146875 0.18333333333333332
4 0.8875000000000001 0.6833333333333333 0.1125 0.18333333333333332
