0 0.241 0.7053333333333333 0.482 0.584
0 0.41000000000000003 0.516 0.492 0.504
0 0.841 0.47733333333333333 0.29 0.384
0 0.45 0.152 0.324 0.304
0 0.884 0.244 0.228 0.2373333333333333
0 0.761 0.8546666666666667 0.154 0.17333333333333334
0 0.682 0.7733333333333333 0.08 0.11733333333333333
0 0.85 0.6799999999999999 0.1 0.11733333333333333
0 0.6950000000000001 0.15866666666666665 0.134 0.12533333333333332
0 0.744 0.23866666666666667 0.092 0.12533333333333332
0 0.681 0.25866666666666666 0.122 0.12266666666666666
0 0.162 0.156 0.188 0.17333333333333334
0 0.5680000000000001 0.3173333333333333 0.1 0.112
0 0.636 0.432 0.16 0.15466666666666667
