3 0.1375 0.06666666666666667 0.125 0.13333333333333333
3 0.30625 0.14166666666666666 0.125 0.175
3 0.3796875 0.30416666666666664 0.12187500000000001 0.225
3 0.43125 0.11875 0.10625000000000001 0.14583333333333334
3 0.0921875 0.4395833333333333 0.184375 0.4458333333333333
3 0.171875 0.225 0.09375 0.10833333333333334
3 0.203125 0.56875 0.1375 0.1875
3 0.4859375 0.5145833333333333 0.15937500000000002 0.15416666666666667
3 0.6062500000000001 0.13125 0.11875000000000001 0.1625
3 0.5296875 0.2520833333333333 0.109375 0.1875
3 0.75 0.15625 0.16875 0.2708333333333333
3 0.909375 0.23333333333333334 0.15625 0.16666666666666666
3 0.8984375 0.54375 0.19687500000000002 0.46249999999999997
3 0.7046875 0.8020833333333334 0.246875 0.37083333333333335
3 0.2921875 0.7145833333333333 0.10312500000000001 0.12083333333333333
3 0.29375 0.8583333333333333 0.1125 0.175
3 0.45937500000000003 0.7854166666666667 0.23125 0.3375
3 0.53125 0.625 0.08750000000000001 0.14166666666666666
