4 0.23500000000000001 0.6491228070175439 0.19 0.19298245614035087
4 0.07100000000000001 0.6681286549707602 0.094 0.18421052631578946
4 0.23 0.42543859649122806 0.2 0.2309941520467836
4 0.388 0.5628654970760234 0.176 0.20760233918128654
4 0.47900000000000004 0.4195906432748538 0.146 0.20175438596491227
4 0.557 0.533625730994152 0.154 0.23684210526315788
4 0.554 0.7134502923976608 0.156 0.16374269005847952
4 0.729 0.8421052631578947 0.418 0.25146198830409355
4 0.668 0.5380116959064327 0.128 0.19883040935672514
4 0.838 0.641812865497076 0.272 0.30116959064327486
4 0.8220000000000001 0.3830409356725146 0.28 0.4269005847953216
4 0.624 0.12134502923976608 0.22 0.1783625730994152
4 0.078 0.4195906432748538 0.108 0.29532163742690054
4 0.526 0.2675438596491228 0.26 0.3070175438596491
4 0.294 0.26169590643274854 0.228 0.24269005847953215
4 0.146 0.15497076023391812 0.156 0.24561403508771928
4 0.298 0.11695906432748537 0.14400000000000002 0.1695906432748538
4 0.449 0.0935672514619883 0.154 0.12280701754385964
