2 0.571875 0.471830985915493 0.13125 0.2112676056338028
2 0.3296875 0.4812206572769953 0.09062500000000001 0.1643192488262911
2 0.38906250000000003 0.43427230046948356 0.109375 0.19248826291079812
2 0.4765625 0.5046948356807511 0.084375 0.1267605633802817
2 0.5 0.3732394366197183 0.13125 0.15492957746478875
2 0.675 0.4460093896713615 0.10625000000000001 0.20657276995305165
2 0.7625000000000001 0.4107981220657277 0.08750000000000001 0.22065727699530516
2 0.6109375 0.29107981220657275 0.134375 0.20657276995305165
2 0.7093750000000001 0.24882629107981222 0.125 0.20657276995305165
2 0.3453125 0.3098591549295775 0.096875 0.1971830985915493
2 0.41875 0.27699530516431925 0.08750000000000001 0.14084507042253522
2 0.5078125 0.215962441314554 0.12812500000000002 0.1784037558685446
2 0.40937500000000004 0.17370892018779344 0.1125 0.14084507042253522
2 0.5109375 0.09624413145539906 0.146875 0.1267605633802817
2 0.6156250000000001 0.15258215962441316 0.1125 0.13615023474178403
2 0.7781250000000001 0.27699530516431925 0.07500000000000001 0.1596244131455399
2 0.703125 0.13615023474178403 0.1 0.13145539906103287
2 0.6156250000000001 0.06807511737089202 0.09375 0.0892018779342723
