2 0.457 0.6751497005988024 0.122 0.17065868263473055
2 0.454 0.8023952095808383 0.10400000000000001 0.1317365269461078
2 0.36 0.7005988023952097 0.096 0.1377245508982036
2 0.266 0.6302395209580839 0.076 0.19461077844311378
2 0.322 0.751497005988024 0.084 0.11377245508982037
2 0.378 0.8218562874251497 0.084 0.09880239520958084
2 0.454 0.8832335329341318 0.10400000000000001 0.09580838323353294
2 0.55 0.842814371257485 0.10400000000000001 0.10479041916167665
2 0.598 0.8697604790419162 0.08 0.08682634730538923
2 0.623 0.7470059880239521 0.08600000000000001 0.1347305389221557
2 0.545 0.7260479041916168 0.098 0.1287425149700599
2 0.678 0.6751497005988024 0.068 0.1347305389221557
2 0.536 0.6017964071856288 0.08 0.125748502994012
2 0.616 0.6077844311377246 0.088 0.16167664670658682
2 0.6920000000000001 0.5479041916167665 0.064 0.1377245508982036
2 0.313 0.6017964071856288 0.07 0.1377245508982036
2 0.386 0.5733532934131736 0.096 0.14670658682634732
2 0.47100000000000003 0.5119760479041916 0.114 0.17365269461077845
2 0.558 0.47455089820359286 0.10400000000000001 0.1407185628742515
2 0.636 0.49850299401197606 0.07200000000000001 0.1347305389221557
2 0.298 0.4820359281437126 0.124 0.18562874251497008
2 0.402 0.42814371257485034 0.10400000000000001 0.15568862275449102
2 0.491 0.38323353293413176 0.094 0.11377245508982037
2 0.5750000000000001 0.3607784431137725 0.09 0.1287425149700599
2 0.661 0.405688622754491 0.09 0.1407185628742515
2 0.337 0.3473053892215569 0.11 0.11377245508982037
2 0.418 0.2904191616766467 0.10400000000000001 0.1377245508982036
2 0.514 0.27694610778443113 0.088 0.1287425149700599
