0 0.616 0.6426666666666666 0.708 0.7093333333333333
0 0.125 0.604 0.25 0.17333333333333334
0 0.426 0.21866666666666665 0.228 0.10133333333333333
0 0.879 0.24533333333333332 0.23800000000000002 0.14933333333333332
0 0.597 0.06666666666666667 0.262 0.13333333333333333
0 0.197 0.26666666666666666 0.242 0.10666666666666666
0 0.178 0.148 0.232 0.13066666666666665
0 0.057 0.08 0.10200000000000001 0.128
0 0.378 0.3426666666666667 0.148 0.09866666666666667
0 0.675 0.23333333333333334 0.14200000000000002 0.12
0 0.747 0.19999999999999998 0.106 0.12266666666666666
0 0.853 0.12 0.158 0.08533333333333333
