0 0.0625 0.9208333333333333 0.08125 0.058333333333333334
0 0.15000000000000002 0.8333333333333334 0.1 0.075
0 0.2 0.9270833333333334 0.10625000000000001 0.07916666666666666
0 0.0578125 0.75 0.09062500000000001 0.075
0 0.125 0.7791666666666667 0.0625 0.058333333333333334
0 0.0921875 0.9583333333333334 0.171875 0.075
0 0.1015625 0.6791666666666667 0.065625 0.05
0 0.2328125 0.6645833333333333 0.065625 0.04583333333333333
0 0.2609375 0.6979166666666666 0.059375000000000004 0.05416666666666667
0 0.1921875 0.7041666666666666 0.07187500000000001 0.06666666666666667
0 0.384375 0.675 0.07500000000000001 0.06666666666666667
0 0.4265625 0.7666666666666666 0.084375 0.075
0 0.28750000000000003 0.7895833333333333 0.08125 0.0625
0 0.2828125 0.8479166666666667 0.109375 0.0625
0 0.31562500000000004 0.9249999999999999 0.08750000000000001 0.06666666666666667
0 0.30312500000000003 0.9666666666666667 0.1125 0.058333333333333334
0 0.48125 0.9625 0.08750000000000001 0.06666666666666667
0 0.40156250000000004 0.9541666666666666 0.084375 0.08333333333333333
0 0.540625 0.91875 0.125 0.0875
0 0.515625 0.7270833333333333 0.1 0.07083333333333333
0 0.5593750000000001 0.7833333333333333 0.05625 0.06666666666666667
0 0.4546875 0.63125 0.084375 0.09583333333333333
0 0.2890625 0.5895833333333333 0.078125 0.07916666666666666
0 0.28750000000000003 0.4895833333333333 0.05625 0.05416666666666667
0 0.28750000000000003 0.42291666666666666 0.0625 0.0375
0 0.09843750000000001 0.475 0.065625 0.05
0 0.115625 0.5145833333333333 0.0625 0.05416666666666667
0 0.16562500000000002 0.5416666666666666 0.1 0.06666666666666667
0 0.08125 0.64375 0.05 0.04583333333333333
0 0.1375 0.3875 0.043750000000000004 0.05
0 0.20468750000000002 0.38958333333333334 0.07187500000000001 0.0375
0 0.19687500000000002 0.42291666666666666 0.05625 0.04583333333333333
0 0.0859375 0.37916666666666665 0.040625 0.058333333333333334
0 0.140625 0.33125 0.08125 0.07083333333333333
0 0.1875 0.2625 0.07500000000000001 0.06666666666666667
0 0.23593750000000002 0.33125 0.059375000000000004 0.04583333333333333
0 0.290625 0.3625 0.05 0.05
0 0.3453125 0.41875 0.059375000000000004 0.07083333333333333
0 0.5140625 0.53125 0.059375000000000004 0.04583333333333333
0 0.3953125 0.55 0.078125 0.06666666666666667
0 0.38593750000000004 0.48333333333333334 0.065625 0.058333333333333334
0 0.4546875 0.45 0.084375 0.08333333333333333
0 0.53125 0.39166666666666666 0.09375 0.09166666666666666
0 0.5953125 0.84375 0.10312500000000001 0.07083333333333333
0 0.6640625 0.80625 0.096875 0.07083333333333333
0 0.7015625000000001 0.8979166666666667 0.109375 0.0875
0 0.7171875000000001 0.96875 0.171875 0.05416666666666667
0 0.8187500000000001 0.8979166666666667 0.06875 0.09583333333333333
0 0.940625 0.8624999999999999 0.1125 0.125
0 0.9500000000000001 0.9541666666666666 0.09375 0.08333333333333333
0 0.815625 0.68125 0.09375 0.07916666666666666
0 0.7125 0.6916666666666667 0.1 0.075
0 0.6125 0.6833333333333333 0.07500000000000001 0.075
0 0.6062500000000001 0.6145833333333334 0.1 0.05416666666666667
0 0.6375000000000001 0.5666666666666667 0.08125 0.06666666666666667
0 0.6109375 0.4770833333333333 0.078125 0.07083333333333333
0 0.8250000000000001 0.46458333333333335 0.08125 0.07083333333333333
0 0.8125 0.56875 0.10625000000000001 0.12083333333333333
0 0.9265625000000001 0.5520833333333334 0.09062500000000001 0.0875
0 0.9015625 0.48125 0.046875 0.05416666666666667
0 0.728125 0.46875 0.0625 0.0625
0 0.671875 0.3833333333333333 0.09375 0.075
0 0.68125 0.3145833333333333 0.08750000000000001 0.04583333333333333
0 0.5859375 0.2916666666666667 0.084375 0.075
0 0.47187500000000004 0.28541666666666665 0.08750000000000001 0.07083333333333333
0 0.3671875 0.3104166666666667 0.084375 0.07083333333333333
0 0.296875 0.2375 0.06875 0.06666666666666667
0 0.40625 0.18125 0.07500000000000001 0.0625
0 0.4078125 0.23541666666666666 0.046875 0.0625
0 0.48750000000000004 0.19166666666666665 0.0625 0.058333333333333334
0 0.2546875 0.15833333333333333 0.084375 0.06666666666666667
0 0.2890625 0.08541666666666667 0.07187500000000001 0.0625
0 0.38593750000000004 0.10208333333333333 0.059375000000000004 0.07916666666666666
0 0.3328125 0.15625 0.059375000000000004 0.07916666666666666
0 0.47500000000000003 0.09583333333333333 0.07500000000000001 0.08333333333333333
0 0.5828125000000001 0.15 0.07187500000000001 0.08333333333333333
0 0.584375 0.2375 0.06875 0.09166666666666666
0 0.6484375 0.21875 0.059375000000000004 0.07916666666666666
0 0.671875 0.2916666666666667 0.05 0.058333333333333334
0 0.728125 0.23541666666666666 0.05625 0.07083333333333333
0 0.7671875 0.32916666666666666 0.046875 0.075
0 0.784375 0.42083333333333334 0.06875 0.058333333333333334
0 0.86875 0.41041666666666665 0.0625 0.0625
0 0.8250000000000001 0.34791666666666665 0.05625 0.05416666666666667
0 0.8328125000000001 0.2916666666666667 0.065625 0.075
0 0.821875 0.22916666666666666 0.08125 0.05
0 0.7671875 0.15625 0.078125 0.05416666666666667
0 0.6734375 0.14375 0.096875 0.07083333333333333
0 0.9125000000000001 0.3416666666666667 0.05 0.05
0 0.9578125000000001 0.4166666666666667 0.078125 0.08333333333333333
0 0.4078125 0.03958333333333333 0.278125 0.07083333333333333
