0 0.3765625 0.5954773869346733 0.253125 0.2763819095477387
0 0.7671875 0.585427135678392 0.134375 0.4472361809045226
0 0.8390625 0.4221105527638191 0.065625 0.21105527638190955
0 0.925 0.4748743718592965 0.14375000000000002 0.19597989949748745
0 0.9328125 0.6030150753768845 0.12812500000000002 0.1306532663316583
0 0.9031250000000001 0.6658291457286433 0.125 0.15577889447236182
0 0.8546875 0.8768844221105527 0.12187500000000001 0.1658291457286432
0 0.9453125 0.8291457286432161 0.10312500000000001 0.21105527638190955
0 0.51875 0.8618090452261307 0.16875 0.1457286432160804
0 0.2625 0.8693467336683417 0.1875 0.1708542713567839
0 0.421875 0.9095477386934674 0.1375 0.1306532663316583
0 0.1703125 0.9170854271356784 0.12812500000000002 0.12562814070351758
0 0.051562500000000004 0.9020100502512562 0.10312500000000001 0.15577889447236182
0 0.109375 0.6005025125628141 0.06875 0.12562814070351758
0 0.0921875 0.8015075376884422 0.109375 0.15577889447236182
0 0.225 0.6809045226130653 0.08125 0.1457286432160804
0 0.1484375 0.38190954773869346 0.296875 0.271356783919598
0 0.296875 0.2814070351758794 0.16875 0.1407035175879397
0 0.36250000000000004 0.36683417085427134 0.16875 0.18090452261306533
0 0.2890625 0.09296482412060302 0.19687500000000002 0.18592964824120603
0 0.0546875 0.09547738693467336 0.109375 0.19095477386934673
0 0.1390625 0.18090452261306533 0.09062500000000001 0.1306532663316583
0 0.55 0.23366834170854273 0.18125000000000002 0.17587939698492464
0 0.44375000000000003 0.27386934673366836 0.08750000000000001 0.11557788944723618
0 0.49843750000000003 0.09798994974874373 0.22187500000000002 0.19597989949748745
0 0.753125 0.2085427135678392 0.275 0.22613065326633167
0 0.56875 0.5703517587939698 0.25625000000000003 0.2964824120603015
0 0.675 0.9396984924623115 0.0625 0.09045226130653267
0 0.5484375 0.3768844221105528 0.284375 0.18090452261306533
