2 0.123 0.5050167224080268 0.246 0.22073578595317725
2 0.135 0.657190635451505 0.198 0.13043478260869565
2 0.067 0.7759197324414716 0.134 0.14046822742474915
2 0.244 0.8311036789297659 0.148 0.24414715719063546
2 0.301 0.35618729096989965 0.066 0.10367892976588629
2 0.14 0.3193979933110368 0.152 0.16387959866220736
2 0.221 0.13377926421404682 0.062 0.10702341137123746
2 0.40900000000000003 0.15551839464882944 0.114 0.1906354515050167
2 0.509 0.061872909698996656 0.254 0.12374581939799331
2 0.371 0.3076923076923077 0.038 0.05351170568561873
2 0.40900000000000003 0.36789297658862874 0.038 0.06020066889632107
2 0.627 0.8745819397993311 0.054 0.10367892976588629
2 0.7030000000000001 0.9147157190635451 0.07 0.11705685618729096
2 0.866 0.9130434782608695 0.06 0.10033444816053512
2 0.97 0.9414715719063544 0.056 0.11036789297658862
2 0.935 0.697324414715719 0.114 0.19732441471571907
2 0.679 0.6471571906354515 0.08600000000000001 0.1505016722408027
2 0.737 0.7224080267558528 0.046 0.0802675585284281
2 0.802 0.6638795986622074 0.08 0.10367892976588629
2 0.786 0.5100334448160535 0.2 0.16387959866220736
2 0.9400000000000001 0.5133779264214047 0.116 0.23076923076923075
2 0.719 0.09364548494983277 0.078 0.10702341137123746
2 0.847 0.1906354515050167 0.198 0.18729096989966554
2 0.47600000000000003 0.31438127090301005 0.028 0.046822742474916385
2 0.432 0.8678929765886287 0.04 0.06354515050167224
2 0.316 0.6806020066889632 0.036000000000000004 0.056856187290969896
