2 0.6774193548387096 0.4145833333333333 0.11981566820276497 0.10416666666666667
2 0.7972350230414746 0.41875 0.11059907834101382 0.0875
2 0.7235023041474654 0.26875 0.16589861751152074 0.12916666666666665
2 0.5299539170506913 0.23541666666666666 0.1382488479262673 0.17083333333333334
2 0.3824884792626728 0.2604166666666667 0.11981566820276497 0.10416666666666667
2 0.7741935483870968 0.13958333333333334 0.20276497695852536 0.12916666666666665
2 0.3294930875576037 0.10416666666666667 0.1889400921658986 0.19166666666666665
2 0.5552995391705069 0.08333333333333333 0.2626728110599078 0.1
2 0.17511520737327188 0.25625 0.2304147465437788 0.14583333333333334
2 0.11059907834101382 0.8479166666666667 0.18433179723502305 0.1625
2 0.7880184331797235 0.5770833333333333 0.17511520737327188 0.14583333333333334
