2 0.1 0.23004694835680753 0.2 0.46009389671361506
2 0.290625 0.22535211267605634 0.275 0.431924882629108
2 0.5109375 0.13145539906103287 0.27187500000000003 0.26291079812206575
2 0.5015625 0.42018779342723006 0.27187500000000003 0.4084507042253521
2 0.7296875 0.15023474178403756 0.253125 0.3004694835680751
2 0.90625 0.20422535211267606 0.18125000000000002 0.4084507042253521
2 0.7328125000000001 0.4694835680751174 0.246875 0.3943661971830986
2 0.9109375000000001 0.5328638497652582 0.171875 0.3333333333333333
2 0.0890625 0.6643192488262911 0.178125 0.4178403755868545
2 0.24375000000000002 0.5892018779342724 0.30000000000000004 0.4084507042253521
2 0.2234375 0.8967136150234742 0.22812500000000002 0.1971830985915493
2 0.4296875 0.7981220657276995 0.27187500000000003 0.3943661971830986
2 0.6640625 0.7746478873239436 0.284375 0.3755868544600939
2 0.8968750000000001 0.8169014084507042 0.2 0.3568075117370892
