4 0.8046875 0.7300469483568075 0.153125 0.3427230046948357
4 0.9515625000000001 0.5328638497652582 0.09062500000000001 0.27699530516431925
4 0.1765625 0.48826291079812206 0.22812500000000002 0.5258215962441315
4 0.3765625 0.4460093896713615 0.215625 0.3192488262910798
4 0.8203125 0.3826291079812207 0.115625 0.22065727699530516
4 0.878125 0.31690140845070425 0.06875 0.1643192488262911
4 0.5421875 0.3075117370892019 0.134375 0.19248826291079812
4 0.06406250000000001 0.2136150234741784 0.12812500000000002 0.23004694835680753
4 0.7140625 0.392018779342723 0.09062500000000001 0.15492957746478875
4 0.9593750000000001 0.3075117370892019 0.07500000000000001 0.17370892018779344
