2 0.1171875 0.19483568075117372 0.234375 0.38967136150234744
2 0.17343750000000002 0.4859154929577465 0.328125 0.4084507042253521
2 0.2828125 0.7816901408450705 0.278125 0.4178403755868545
2 0.34375 0.13380281690140847 0.225 0.26760563380281693
2 0.50625 0.2934272300469484 0.2625 0.38028169014084506
2 0.45625000000000004 0.6267605633802817 0.225 0.3333333333333333
2 0.6625000000000001 0.5774647887323944 0.23750000000000002 0.3474178403755869
2 0.6171875 0.8826291079812206 0.30312500000000003 0.22535211267605634
2 0.8625 0.8004694835680751 0.26875 0.38967136150234744
2 0.56875 0.07981220657276995 0.21250000000000002 0.1596244131455399
2 0.7562500000000001 0.2347417840375587 0.28125 0.4694835680751174
2 0.8921875 0.42488262910798125 0.209375 0.4178403755868545
