0 0.2078125 0.7213114754098361 0.415625 0.4836065573770492
0 0.64375 0.6168032786885246 0.38125000000000003 0.49590163934426235
0 0.2109375 0.3463114754098361 0.234375 0.3483606557377049
0 0.36875 0.1557377049180328 0.2 0.3114754098360656
0 0.5828125000000001 0.29098360655737704 0.259375 0.33606557377049184
0 0.7265625 0.2848360655737705 0.203125 0.29918032786885246
0 0.9046875000000001 0.5532786885245902 0.184375 0.26229508196721313
0 0.90625 0.8913934426229508 0.18125000000000002 0.20901639344262296
0 0.33437500000000003 0.9241803278688525 0.20625000000000002 0.1434426229508197
0 0.14375000000000002 0.9344262295081968 0.21250000000000002 0.12295081967213116
0 0.421875 0.6024590163934427 0.1625 0.3770491803278689
0 0.3046875 0.5758196721311476 0.184375 0.2418032786885246
0 0.06875 0.08401639344262296 0.1375 0.16803278688524592
0 0.86875 0.125 0.23750000000000002 0.25
0 0.953125 0.30532786885245905 0.08750000000000001 0.3073770491803279
0 0.39375000000000004 0.3524590163934426 0.14375000000000002 0.21311475409836067
