2 0.494 0.3258258258258258 0.17200000000000001 0.24924924924924924
2 0.517 0.15615615615615616 0.158 0.16216216216216217
2 0.386 0.2087087087087087 0.128 0.14714714714714713
2 0.437 0.5645645645645646 0.21 0.26426426426426425
2 0.605 0.566066066066066 0.13 0.15915915915915915
2 0.637 0.43993993993993996 0.186 0.17717717717717718
2 0.68 0.3363363363363363 0.116 0.23423423423423423
2 0.247 0.5765765765765766 0.202 0.35435435435435436
2 0.325 0.8003003003003003 0.11 0.15915915915915915
2 0.402 0.7252252252252253 0.1 0.15915915915915915
2 0.521 0.6516516516516516 0.10200000000000001 0.14414414414414414
2 0.254 0.2747747747747748 0.14400000000000002 0.24924924924924924
2 0.374 0.1066066066066066 0.20800000000000002 0.1831831831831832
2 0.626 0.13963963963963963 0.10400000000000001 0.2132132132132132
