0 0.15 0.30833333333333335 0.16666666666666669 0.13333333333333333
0 0.3805555555555556 0.32708333333333334 0.15 0.0875
0 0.375 0.225 0.11666666666666667 0.09166666666666666
0 0.6055555555555556 0.08333333333333333 0.07777777777777778 0.03333333333333333
0 0.24444444444444446 0.06458333333333333 0.05555555555555556 0.0375
0 0.225 0.22708333333333333 0.061111111111111116 0.029166666666666667
0 0.4861111111111111 0.24375 0.05 0.029166666666666667
0 0.8222222222222223 0.29375 0.34444444444444444 0.22916666666666666
0 0.8111111111111111 0.5416666666666666 0.3666666666666667 0.31666666666666665
0 0.47500000000000003 0.4395833333333333 0.2611111111111111 0.12083333333333333
0 0.6333333333333333 0.3520833333333333 0.15555555555555556 0.09583333333333333
0 0.9222222222222223 0.9020833333333333 0.14444444444444446 0.1875
0 0.37777777777777777 0.6979166666666666 0.5666666666666667 0.5041666666666667
0 0.07222222222222223 0.4354166666666667 0.14444444444444446 0.14583333333333334
0 0.1527777777777778 0.9562499999999999 0.15 0.07916666666666666
0 0.03333333333333333 0.7458333333333333 0.06666666666666667 0.15
0 0.036111111111111115 0.90625 0.07222222222222223 0.1125
