4 0.928 0.44894894894894893 0.14 0.26126126126126126
4 0.452 0.6111111111111112 0.06 0.09309309309309309
4 0.037 0.30930930930930933 0.074 0.25225225225225223
4 0.085 0.3483483483483483 0.09 0.1981981981981982
4 0.158 0.3843843843843844 0.08 0.12612612612612611
4 0.222 0.4009009009009009 0.076 0.11711711711711711
4 0.298 0.4339339339339339 0.092 0.15315315315315314
4 0.34500000000000003 0.37537537537537535 0.058 0.12012012012012012
4 0.371 0.46396396396396394 0.054 0.10510510510510511
4 0.45 0.42042042042042044 0.164 0.13213213213213212
4 0.488 0.5165165165165165 0.10400000000000001 0.06606606606606606
4 0.139 0.5105105105105106 0.278 0.17417417417417416
4 0.627 0.4804804804804805 0.182 0.15015015015015015
4 0.79 0.5045045045045045 0.136 0.09009009009009009
4 0.625 0.5735735735735735 0.026000000000000002 0.04804804804804805
4 0.397 0.542042042042042 0.062 0.0990990990990991
