3 0.85 0.7537537537537538 0.048 0.08408408408408408
3 0.912 0.7372372372372372 0.044 0.08708708708708708
3 0.755 0.8273273273273273 0.054 0.0990990990990991
3 0.404 0.7192192192192192 0.056 0.10510510510510511
3 0.48 0.7822822822822822 0.06 0.11711711711711711
3 0.15 0.8033033033033034 0.06 0.10510510510510511
3 0.076 0.8933933933933934 0.064 0.12912912912912913
3 0.007 0.9309309309309309 0.014 0.08408408408408408
3 0.212 0.5720720720720721 0.08 0.09309309309309309
3 0.34900000000000003 0.581081081081081 0.054 0.08108108108108109
3 0.19 0.6906906906906907 0.056 0.07807807807807808
3 0.115 0.7357357357357357 0.07 0.08408408408408408
3 0.687 0.8498498498498498 0.09 0.13813813813813813
3 0.156 0.9054054054054054 0.06 0.1111111111111111
