2 0.0890625 0.49783549783549785 0.16562500000000002 0.2857142857142857
2 0.19062500000000002 0.7705627705627706 0.2625 0.33766233766233766
2 0.38593750000000004 0.70995670995671 0.15937500000000002 0.19913419913419914
2 0.4234375 0.8701298701298701 0.109375 0.15584415584415584
2 0.5671875000000001 0.6861471861471862 0.153125 0.2727272727272727
2 0.7890625 0.7056277056277056 0.328125 0.45021645021645024
2 0.925 0.5952380952380952 0.14375000000000002 0.341991341991342
2 0.321875 0.42207792207792205 0.35000000000000003 0.43722943722943725
2 0.5765625 0.25757575757575757 0.278125 0.31601731601731603
2 0.37812500000000004 0.19696969696969696 0.17500000000000002 0.19480519480519481
2 0.753125 0.15151515151515152 0.30625 0.30303030303030304
2 0.9187500000000001 0.3398268398268398 0.15625 0.1774891774891775
