4 0.108 0.533132530120482 0.124 0.1927710843373494
4 0.23800000000000002 0.6521084337349398 0.124 0.14759036144578314
4 0.335 0.6927710843373495 0.114 0.18674698795180725
4 0.386 0.838855421686747 0.132 0.16566265060240964
4 0.048 0.697289156626506 0.092 0.14156626506024098
4 0.105 0.8268072289156627 0.21 0.213855421686747
4 0.448 0.9171686746987953 0.116 0.15963855421686748
4 0.737 0.8765060240963856 0.362 0.24096385542168675
4 0.879 0.75 0.23800000000000002 0.3373493975903615
4 0.395 0.5346385542168675 0.11800000000000001 0.14759036144578314
4 0.264 0.49397590361445787 0.188 0.18674698795180725
4 0.456 0.6716867469879518 0.12 0.15060240963855423
4 0.662 0.6159638554216867 0.128 0.213855421686747
4 0.551 0.6265060240963856 0.158 0.20481927710843376
4 0.209 0.213855421686747 0.418 0.427710843373494
4 0.708 0.1927710843373494 0.58 0.3855421686746988
4 0.492 0.46385542168674704 0.132 0.1927710843373494
4 0.658 0.42620481927710846 0.108 0.13554216867469882
4 0.8240000000000001 0.3930722891566265 0.164 0.14759036144578314
4 0.752 0.46837349397590367 0.08 0.16566265060240964
4 0.9550000000000001 0.48945783132530124 0.08600000000000001 0.24397590361445784
