4 0.056 0.8162650602409639 0.092 0.22289156626506026
4 0.099 0.9352409638554218 0.09 0.12349397590361447
4 0.452 0.6069277108433735 0.064 0.14759036144578314
4 0.451 0.7484939759036146 0.08600000000000001 0.177710843373494
4 0.611 0.7078313253012049 0.10200000000000001 0.21084337349397592
4 0.785 0.871987951807229 0.08600000000000001 0.1897590361445783
4 0.857 0.7575301204819278 0.10200000000000001 0.22590361445783133
4 0.789 0.6295180722891567 0.08600000000000001 0.1746987951807229
4 0.505 0.5030120481927711 0.09 0.20481927710843376
4 0.5730000000000001 0.4864457831325301 0.07 0.1957831325301205
4 0.616 0.48945783132530124 0.088 0.22590361445783133
4 0.708 0.5195783132530121 0.1 0.21987951807228917
4 0.788 0.3599397590361446 0.1 0.22590361445783133
4 0.875 0.45180722891566266 0.094 0.18072289156626506
4 0.783 0.15963855421686748 0.43 0.31927710843373497
4 0.9570000000000001 0.3885542168674699 0.082 0.3132530120481928
4 0.55 0.27560240963855426 0.12 0.1897590361445783
4 0.377 0.22289156626506026 0.23 0.24096385542168675
4 0.225 0.5015060240963856 0.098 0.23795180722891568
4 0.029 0.2996987951807229 0.058 0.21987951807228917
4 0.089 0.4246987951807229 0.098 0.28915662650602414
4 0.164 0.35240963855421686 0.07200000000000001 0.20481927710843376
4 0.13 0.1460843373493976 0.26 0.2560240963855422
4 0.333 0.3569277108433735 0.134 0.20180722891566266
