2 0.085 0.18127490039840638 0.17 0.36254980079681276
2 0.085 0.5239043824701195 0.17 0.3147410358565737
2 0.084 0.8386454183266933 0.168 0.3147410358565737
2 0.265 0.8346613545816733 0.19 0.32270916334661354
2 0.309 0.5537848605577689 0.278 0.24701195219123506
2 0.289 0.21314741035856574 0.234 0.4262948207171315
2 0.47500000000000003 0.8007968127490039 0.23 0.3904382470119522
2 0.546 0.2151394422310757 0.276 0.4302788844621514
2 0.594 0.5517928286852589 0.28400000000000003 0.23505976095617528
2 0.842 0.21713147410358566 0.312 0.4342629482071713
2 0.868 0.549800796812749 0.26 0.23107569721115537
2 0.709 0.8346613545816733 0.226 0.32270916334661354
2 0.91 0.8227091633466135 0.176 0.34661354581673304
