0 0.339 0.6116504854368933 0.33 0.40129449838187703
0 0.367 0.8058252427184467 0.23800000000000002 0.3042071197411003
0 0.743 0.441747572815534 0.17400000000000002 0.26860841423948223
0 0.903 0.5501618122977346 0.126 0.2524271844660194
0 0.5730000000000001 0.22330097087378642 0.154 0.22653721682847897
0 0.704 0.21197411003236247 0.06 0.14563106796116507
0 0.773 0.127831715210356 0.08600000000000001 0.15210355987055016
0 0.855 0.2524271844660194 0.09 0.1941747572815534
0 0.9490000000000001 0.3640776699029126 0.098 0.14563106796116507
0 0.935 0.825242718446602 0.126 0.34304207119741104
0 0.068 0.41423948220064727 0.128 0.17475728155339806
0 0.35100000000000003 0.13430420711974111 0.17400000000000002 0.255663430420712
0 0.08700000000000001 0.1634304207119741 0.17400000000000002 0.3074433656957929
0 0.196 0.3640776699029126 0.168 0.21035598705501618
0 0.217 0.13106796116504854 0.17400000000000002 0.21035598705501618
0 0.093 0.7378640776699029 0.146 0.2394822006472492
0 0.47800000000000004 0.284789644012945 0.088 0.09061488673139159
