0 0.5140625 0.12735849056603774 0.096875 0.1320754716981132
0 0.27968750000000003 0.16981132075471697 0.146875 0.1509433962264151
0 0.2171875 0.2570754716981132 0.065625 0.08962264150943396
0 0.209375 0.32547169811320753 0.0625 0.10377358490566037
0 0.026562500000000003 0.1580188679245283 0.053125000000000006 0.1179245283018868
0 0.0765625 0.30660377358490565 0.12187500000000001 0.11320754716981132
0 0.14375000000000002 0.3561320754716981 0.07500000000000001 0.08018867924528301
0 0.328125 0.4528301886792453 0.14375000000000002 0.1792452830188679
0 0.3953125 0.3490566037735849 0.065625 0.08490566037735849
0 0.4765625 0.37264150943396224 0.12812500000000002 0.11320754716981132
0 0.5640625 0.32547169811320753 0.12187500000000001 0.10377358490566037
0 0.6234375000000001 0.2712264150943396 0.065625 0.08962264150943396
0 0.7406250000000001 0.33254716981132076 0.06875 0.0990566037735849
0 0.8203125 0.4386792452830188 0.134375 0.18867924528301885
0 0.9265625000000001 0.39858490566037735 0.140625 0.15566037735849056
0 0.5953125 0.4386792452830188 0.065625 0.07547169811320754
0 0.09843750000000001 0.4716981132075472 0.065625 0.1320754716981132
0 0.203125 0.4693396226415094 0.07500000000000001 0.08962264150943396
0 0.44375000000000003 0.49528301886792453 0.06875 0.1320754716981132
0 0.5078125 0.5471698113207547 0.053125000000000006 0.0660377358490566
0 0.6875 0.4268867924528302 0.1125 0.15566037735849056
0 0.5390625 0.4080188679245283 0.178125 0.14622641509433962
