2 0.4421875 0.323943661971831 0.27187500000000003 0.3098591549295775
2 0.1625 0.42488262910798125 0.21875 0.22065727699530516
2 0.11406250000000001 0.5774647887323944 0.215625 0.24413145539906103
2 0.1234375 0.7816901408450705 0.246875 0.20187793427230047
2 0.35468750000000004 0.8990610328638498 0.290625 0.17370892018779344
2 0.696875 0.863849765258216 0.275 0.16901408450704225
2 0.89375 0.7136150234741784 0.20625000000000002 0.1596244131455399
2 0.8796875000000001 0.4366197183098592 0.178125 0.2347417840375587
2 0.3453125 0.07746478873239437 0.22187500000000002 0.15492957746478875
2 0.5515625000000001 0.0892018779342723 0.203125 0.1784037558685446
