1 0.669 0.33783783783783783 0.15 0.2012012012012012
0 0.17400000000000002 0.9039039039039038 0.068 0.0960960960960961
0 0.273 0.8573573573573573 0.062 0.07507507507507508
0 0.358 0.8018018018018018 0.064 0.10810810810810811
0 0.274 0.7042042042042042 0.08 0.11711711711711711
0 0.316 0.6381381381381381 0.064 0.08108108108108109
0 0.6 0.8693693693693694 0.076 0.12312312312312312
0 0.902 0.6606606606606606 0.056 0.0960960960960961
0 0.969 0.6516516516516516 0.058 0.1021021021021021
0 0.979 0.8303303303303303 0.038 0.06906906906906907
0 0.608 0.7057057057057057 0.068 0.12612612612612611
0 0.709 0.9114114114114114 0.054 0.06306306306306306
0 0.6920000000000001 0.9654654654654654 0.068 0.06306306306306306
