4 0.23958333333333334 0.7416666666666667 0.07083333333333333 0.11666666666666667
4 0.05416666666666667 0.7395833333333334 0.08333333333333333 0.10416666666666667
4 0.3729166666666667 0.8375 0.07916666666666666 0.11666666666666667
4 0.5416666666666666 0.9083333333333333 0.125 0.175
4 0.60625 0.8229166666666666 0.0875 0.12916666666666665
4 0.5729166666666666 0.5604166666666667 0.07083333333333333 0.1125
4 0.8854166666666666 0.6354166666666666 0.1375 0.14583333333333334
4 0.79375 0.5625 0.0625 0.09166666666666666
4 0.94375 0.5020833333333333 0.0625 0.09583333333333333
4 0.03958333333333333 0.5125 0.07916666666666666 0.15833333333333333
4 0.4979166666666667 0.22708333333333333 0.9958333333333333 0.45416666666666666
4 0.48125 0.45208333333333334 0.05416666666666667 0.0875
4 0.6354166666666666 0.47291666666666665 0.1125 0.0875
4 0.7791666666666667 0.4708333333333333 0.13333333333333333 0.1
