4 0.8375 0.6713615023474179 0.14375000000000002 0.3098591549295775
4 0.7125 0.6807511737089202 0.08750000000000001 0.13145539906103287
4 0.5828125000000001 0.7652582159624414 0.10312500000000001 0.18779342723004694
4 0.6468750000000001 0.8873239436619719 0.1125 0.215962441314554
4 0.7890625 0.8967136150234742 0.12812500000000002 0.1971830985915493
4 0.6156250000000001 0.6032863849765259 0.13125 0.15492957746478875
4 0.1015625 0.687793427230047 0.140625 0.3051643192488263
4 0.2578125 0.8380281690140845 0.284375 0.3145539906103286
4 0.246875 0.6784037558685446 0.09375 0.20187793427230047
4 0.325 0.5845070422535211 0.08750000000000001 0.2112676056338028
4 0.3796875 0.49765258215962443 0.09062500000000001 0.14084507042253522
4 0.4234375 0.5985915492957746 0.078125 0.1267605633802817
4 0.46718750000000003 0.48826291079812206 0.084375 0.14084507042253522
4 0.55625 0.4107981220657277 0.29375 0.13615023474178403
4 0.59375 0.4835680751173709 0.06875 0.12206572769953052
4 0.46718750000000003 0.7018779342723005 0.12187500000000001 0.23004694835680753
4 0.45 0.8544600938967136 0.1375 0.28169014084507044
