4 0.052000000000000005 0.6456456456456456 0.10400000000000001 0.4444444444444444
4 0.28400000000000003 0.6141141141141141 0.132 0.38738738738738737
4 0.34600000000000003 0.575075075075075 0.084 0.34534534534534533
4 0.48 0.6531531531531531 0.148 0.36336336336336333
4 0.673 0.4774774774774775 0.122 0.3183183183183183
4 0.486 0.38288288288288286 0.24 0.36936936936936937
4 0.7020000000000001 0.3333333333333333 0.1 0.3303303303303303
4 0.835 0.37537537537537535 0.09 0.29429429429429427
4 0.806 0.53003003003003 0.192 0.3033033033033033
4 0.9430000000000001 0.49099099099099097 0.08600000000000001 0.2732732732732733
