4 0.35625 0.6173708920187794 0.08125 0.0892018779342723
4 0.040625 0.7253521126760564 0.08125 0.13615023474178403
4 0.096875 0.6784037558685446 0.06875 0.107981220657277
4 0.12812500000000002 0.6291079812206573 0.08750000000000001 0.16901408450704225
4 0.1796875 0.5657276995305165 0.065625 0.107981220657277
4 0.225 0.5563380281690141 0.05625 0.0892018779342723
4 0.8765625 0.5422535211267606 0.053125000000000006 0.07981220657276995
4 0.31562500000000004 0.5164319248826291 0.05 0.06572769953051644
4 0.2765625 0.5610328638497653 0.053125000000000006 0.07981220657276995
4 0.9359375000000001 0.568075117370892 0.065625 0.08450704225352113
4 0.9328125 0.6338028169014085 0.053125000000000006 0.08450704225352113
4 0.9640625 0.744131455399061 0.065625 0.13615023474178403
4 0.9765625 0.6338028169014085 0.040625 0.08450704225352113
4 0.9031250000000001 0.45774647887323944 0.1875 0.1267605633802817
4 0.1078125 0.4624413145539906 0.215625 0.1267605633802817
4 0.275 0.44366197183098594 0.1125 0.0892018779342723
4 0.44843750000000004 0.4647887323943662 0.22812500000000002 0.12206572769953052
4 0.6328125 0.44366197183098594 0.146875 0.0892018779342723
4 0.7546875000000001 0.4225352112676056 0.096875 0.056338028169014086
