4 0.4421875 0.8270833333333333 0.184375 0.2375
4 0.12812500000000002 0.6833333333333333 0.13125 0.16666666666666666
4 0.284375 0.6333333333333333 0.13125 0.175
4 0.1234375 0.4791666666666667 0.153125 0.15833333333333333
4 0.23750000000000002 0.4083333333333333 0.1125 0.13333333333333333
4 0.41250000000000003 0.48125 0.15000000000000002 0.17083333333333334
4 0.5593750000000001 0.5583333333333333 0.13125 0.20833333333333334
4 0.7171875000000001 0.5770833333333333 0.16562500000000002 0.19583333333333333
4 0.8046875 0.6145833333333334 0.115625 0.17083333333333334
4 0.86875 0.5083333333333333 0.125 0.15
4 0.7375 0.41041666666666665 0.1 0.14583333333333334
4 0.8125 0.37916666666666665 0.1 0.125
4 0.9390625 0.3229166666666667 0.109375 0.1375
4 0.8859375 0.225 0.109375 0.125
4 0.7703125000000001 0.17708333333333334 0.12187500000000001 0.12916666666666665
4 0.628125 0.23333333333333334 0.15625 0.15
4 0.46406250000000004 0.39375 0.109375 0.12916666666666665
4 0.5140625 0.33125 0.10312500000000001 0.12916666666666665
4 0.484375 0.2375 0.08750000000000001 0.125
4 0.3015625 0.21875 0.296875 0.1625
4 0.0765625 0.08333333333333333 0.12812500000000002 0.16666666666666666
4 0.0625 0.32708333333333334 0.125 0.25416666666666665
4 0.171875 0.14375 0.08125 0.1125
4 0.2546875 0.11875 0.078125 0.1125
4 0.30000000000000004 0.05416666666666667 0.07500000000000001 0.10833333333333334
4 0.359375 0.12291666666666666 0.08750000000000001 0.10416666666666667
4 0.38593750000000004 0.0625 0.096875 0.1
4 0.5078125 0.08333333333333333 0.134375 0.16666666666666666
4 0.61875 0.07291666666666667 0.07500000000000001 0.10416666666666667
