0 0.6687116564417178 0.26458333333333334 0.6503067484662577 0.20416666666666666
0 0.6687116564417178 0.08333333333333333 0.6503067484662577 0.16666666666666666
0 0.17484662576687118 0.18333333333333332 0.34969325153374237 0.36666666666666664
0 0.3803680981595092 0.81875 0.18404907975460122 0.14583333333333334
0 0.5766871165644172 0.7854166666666667 0.08588957055214724 0.07916666666666666
0 0.1441717791411043 0.8875 0.1411042944785276 0.125
0 0.30368098159509205 0.9249999999999999 0.20245398773006135 0.06666666666666667
0 0.13190184049079756 0.7604166666666666 0.17791411042944785 0.09583333333333333
0 0.10429447852760737 0.42291666666666666 0.20858895705521474 0.09583333333333333
0 0.12269938650306748 0.6020833333333333 0.24539877300613497 0.17083333333333334
0 0.3374233128834356 0.6708333333333333 0.34355828220858897 0.13333333333333333
0 0.8006134969325154 0.6333333333333333 0.37423312883435583 0.13333333333333333
0 0.8098159509202454 0.7541666666666667 0.36809815950920244 0.1
0 0.6073619631901841 0.8895833333333333 0.17177914110429449 0.1125
0 0.8650306748466258 0.9020833333333333 0.25766871165644173 0.1875
0 0.027607361963190184 0.7145833333333333 0.05521472392638037 0.04583333333333333
0 0.41411042944785276 0.5041666666666667 0.37423312883435583 0.225
0 0.7975460122699387 0.4708333333333333 0.39263803680981596 0.2
0 0.5398773006134969 0.4270833333333333 0.4785276073619632 0.15416666666666667
