0 0.669811320754717 0.6895833333333333 0.1949685534591195 0.10416666666666667
0 0.6415094339622642 0.8125 0.2138364779874214 0.1
0 0.5817610062893082 0.09583333333333333 0.8238993710691824 0.19166666666666665
0 0.169811320754717 0.18333333333333332 0.339622641509434 0.36666666666666664
0 0.6666666666666667 0.32708333333333334 0.6540880503144655 0.2708333333333333
0 0.21069182389937108 0.4979166666666667 0.42138364779874216 0.2708333333333333
0 0.7169811320754718 0.5645833333333333 0.5534591194968553 0.19583333333333333
0 0.9182389937106918 0.7125 0.15094339622641512 0.11666666666666667
0 0.7955974842767296 0.7375 0.06918238993710692 0.05
0 0.949685534591195 0.94375 0.08805031446540881 0.09583333333333333
0 0.6886792452830189 0.9333333333333333 0.09433962264150944 0.05
0 0.11635220125786164 0.8 0.08176100628930819 0.075
0 0.17610062893081763 0.8541666666666666 0.07547169811320756 0.041666666666666664
0 0.24213836477987422 0.8291666666666666 0.06918238993710692 0.041666666666666664
0 0.37421383647798745 0.79375 0.2578616352201258 0.0625
0 0.49056603773584906 0.9333333333333333 0.10062893081761007 0.041666666666666664
0 0.21069182389937108 0.9 0.08176100628930819 0.058333333333333334
0 0.5974842767295597 0.975 0.10062893081761007 0.041666666666666664
0 0.33018867924528306 0.6520833333333333 0.06918238993710692 0.0375
0 0.4025157232704403 0.6770833333333334 0.08805031446540881 0.0375
0 0.14465408805031446 0.70625 0.2893081761006289 0.1375
0 0.4716981132075472 0.7416666666666667 0.07547169811320756 0.041666666666666664
