4 0.038 0.5978915662650602 0.076 0.10542168674698796
4 0.662 0.6099397590361446 0.076 0.09337349397590362
4 0.843 0.5436746987951807 0.08600000000000001 0.11144578313253013
4 0.523 0.5135542168674699 0.122 0.11144578313253013
4 0.076 0.3539156626506024 0.076 0.10542168674698796
4 0.085 0.2033132530120482 0.17 0.177710843373494
4 0.179 0.411144578313253 0.09 0.12349397590361447
4 0.24 0.4789156626506024 0.07200000000000001 0.10843373493975904
4 0.338 0.4849397590361446 0.10400000000000001 0.14457831325301207
4 0.20500000000000002 0.3057228915662651 0.058 0.08132530120481928
4 0.245 0.3493975903614458 0.08600000000000001 0.12048192771084337
4 0.293 0.23343373493975905 0.078 0.12951807228915663
4 0.379 0.22289156626506026 0.094 0.12048192771084337
4 0.396 0.35843373493975905 0.228 0.19879518072289157
4 0.20700000000000002 0.21837349397590364 0.074 0.06927710843373494
4 0.491 0.24397590361445784 0.13 0.13253012048192772
4 0.54 0.35843373493975905 0.1 0.12048192771084337
4 0.586 0.28915662650602414 0.116 0.10240963855421688
4 0.662 0.4231927710843374 0.20400000000000001 0.1716867469879518
4 0.705 0.24096385542168675 0.094 0.13253012048192772
4 0.736 0.35090361445783136 0.06 0.11144578313253013
4 0.794 0.5045180722891567 0.08 0.11144578313253013
4 0.848 0.41566265060240964 0.096 0.12650602409638556
4 0.811 0.3358433734939759 0.13 0.12951807228915663
4 0.784 0.2620481927710844 0.056 0.0783132530120482
4 0.932 0.3042168674698795 0.132 0.20481927710843376
4 0.97 0.480421686746988 0.056 0.14156626506024098
