4 0.48125 0.75 0.21250000000000002 0.2830188679245283
4 0.1328125 0.7287735849056604 0.15937500000000002 0.19339622641509432
4 0.290625 0.7334905660377358 0.15625 0.22169811320754715
4 0.6921875000000001 0.5849056603773585 0.140625 0.18867924528301885
4 0.29531250000000003 0.5613207547169811 0.134375 0.18867924528301885
4 0.060937500000000006 0.5660377358490566 0.12187500000000001 0.1981132075471698
4 0.18906250000000002 0.5259433962264151 0.109375 0.1179245283018868
4 0.2609375 0.45754716981132076 0.07187500000000001 0.09433962264150943
4 0.44062500000000004 0.5023584905660378 0.1125 0.19339622641509432
4 0.56875 0.47877358490566035 0.1125 0.18396226415094338
4 0.7468750000000001 0.49292452830188677 0.11875000000000001 0.12735849056603774
4 0.9109375000000001 0.6839622641509434 0.171875 0.18867924528301885
4 0.9296875 0.535377358490566 0.134375 0.18396226415094338
4 0.8609375 0.3231132075471698 0.27187500000000003 0.2783018867924528
4 0.7125 0.40566037735849053 0.08125 0.10377358490566037
4 0.6671875 0.285377358490566 0.12812500000000002 0.23113207547169812
4 0.51875 0.2900943396226415 0.17500000000000002 0.2122641509433962
4 0.36562500000000003 0.33254716981132076 0.13125 0.22169811320754715
4 0.2484375 0.33254716981132076 0.134375 0.14622641509433962
4 0.1390625 0.38679245283018865 0.209375 0.18867924528301885
