4 0.166 0.5813253012048193 0.1 0.13253012048192772
4 0.14200000000000002 0.44427710843373497 0.136 0.14156626506024098
4 0.043000000000000003 0.947289156626506 0.08600000000000001 0.09939759036144578
4 0.022 0.733433734939759 0.036000000000000004 0.057228915662650606
4 0.046 0.5406626506024097 0.048 0.08132530120481928
4 0.033 0.42168674698795183 0.066 0.0963855421686747
4 0.681 0.06475903614457831 0.254 0.09337349397590362
4 0.5 0.08132530120481928 0.128 0.10843373493975904
4 0.41200000000000003 0.13704819277108435 0.096 0.1536144578313253
4 0.327 0.21536144578313254 0.126 0.08734939759036145
4 0.23700000000000002 0.23493975903614459 0.05 0.10240963855421688
4 0.167 0.2921686746987952 0.042 0.06626506024096386
4 0.055 0.3117469879518072 0.066 0.07530120481927711
4 0.11900000000000001 0.3237951807228916 0.05 0.08734939759036145
4 0.306 0.14156626506024098 0.132 0.06626506024096386
4 0.191 0.17921686746987953 0.098 0.08132530120481928
4 0.125 0.25 0.042 0.10843373493975904
4 0.18 0.36596385542168675 0.06 0.06927710843373494
4 0.213 0.8780120481927711 0.106 0.12951807228915663
4 0.25 0.7801204819277109 0.076 0.0963855421686747
4 0.363 0.7680722891566265 0.074 0.10240963855421688
4 0.405 0.9216867469879518 0.082 0.12650602409638556
4 0.532 0.9126506024096386 0.092 0.12048192771084337
4 0.648 0.924698795180723 0.096 0.13253012048192772
4 0.761 0.8373493975903615 0.09 0.13253012048192772
4 0.915 0.8674698795180723 0.11 0.13253012048192772
4 0.907 0.9503012048192772 0.106 0.09337349397590362
4 0.917 0.677710843373494 0.162 0.11445783132530121
4 0.457 0.7454819277108434 0.078 0.12349397590361447
4 0.531 0.7259036144578314 0.066 0.10240963855421688
4 0.636 0.6957831325301205 0.08 0.10843373493975904
4 0.752 0.6837349397590362 0.07200000000000001 0.0963855421686747
4 0.777 0.6174698795180723 0.07 0.09036144578313253
4 0.9520000000000001 0.5798192771084337 0.07200000000000001 0.08132530120481928
4 0.34500000000000003 0.6355421686746988 0.066 0.0783132530120482
4 0.23600000000000002 0.6114457831325302 0.076 0.0963855421686747
4 0.441 0.6340361445783133 0.098 0.09939759036144578
4 0.28300000000000003 0.5451807228915663 0.094 0.0783132530120482
4 0.379 0.5406626506024097 0.05 0.06927710843373494
4 0.455 0.5060240963855422 0.094 0.10240963855421688
4 0.528 0.5677710843373495 0.064 0.08132530120481928
4 0.59 0.6310240963855422 0.052000000000000005 0.07530120481927711
4 0.605 0.5271084337349398 0.05 0.07228915662650603
4 0.7000000000000001 0.5286144578313253 0.064 0.14156626506024098
4 0.742 0.21234939759036145 0.296 0.20180722891566266
4 0.531 0.22590361445783133 0.13 0.16867469879518074
4 0.424 0.26506024096385544 0.084 0.10240963855421688
4 0.366 0.2786144578313253 0.032 0.05120481927710844
4 0.41400000000000003 0.35090361445783136 0.264 0.10542168674698796
4 0.28400000000000003 0.4427710843373494 0.048 0.07228915662650603
4 0.34700000000000003 0.4533132530120482 0.046 0.08132530120481928
4 0.41500000000000004 0.43222891566265065 0.082 0.10542168674698796
4 0.518 0.4231927710843374 0.10400000000000001 0.06927710843373494
4 0.559 0.480421686746988 0.074 0.08132530120481928
4 0.645 0.40060240963855426 0.20600000000000002 0.18072289156626506
4 0.869 0.44427710843373497 0.258 0.2680722891566265
