4 0.711 0.1716867469879518 0.298 0.3433734939759036
4 0.532 0.3493975903614458 0.296 0.21686746987951808
4 0.442 0.5632530120481928 0.056 0.08433734939759037
4 0.553 0.4864457831325301 0.054 0.09939759036144578
4 0.47200000000000003 0.48343373493975905 0.052000000000000005 0.07530120481927711
4 0.387 0.43975903614457834 0.046 0.0783132530120482
4 0.36 0.3569277108433735 0.04 0.07530120481927711
4 0.317 0.38253012048192775 0.05 0.08433734939759037
4 0.264 0.4352409638554217 0.06 0.08734939759036145
4 0.331 0.4743975903614458 0.062 0.11746987951807229
4 0.394 0.5120481927710844 0.08 0.09036144578313253
4 0.125 0.7740963855421688 0.25 0.15060240963855423
4 0.113 0.625 0.226 0.1536144578313253
4 0.106 0.516566265060241 0.048 0.08132530120481928
4 0.145 0.5632530120481928 0.05 0.0963855421686747
4 0.188 0.5421686746987953 0.048 0.08433734939759037
4 0.2 0.4608433734939759 0.056 0.07228915662650603
4 0.28700000000000003 0.6174698795180723 0.114 0.2530120481927711
