4 0.046 0.30930930930930933 0.064 0.11411411411411411
4 0.088 0.5585585585585585 0.048 0.07807807807807808
4 0.016 0.5915915915915916 0.032 0.09009009009009009
4 0.034 0.6771771771771772 0.048 0.0990990990990991
4 0.023 0.38738738738738737 0.046 0.10810810810810811
4 0.10400000000000001 0.6741741741741741 0.052000000000000005 0.0990990990990991
4 0.158 0.7057057057057057 0.052000000000000005 0.0960960960960961
4 0.194 0.6366366366366366 0.052000000000000005 0.0960960960960961
4 0.14400000000000002 0.5195195195195195 0.056 0.0960960960960961
4 0.094 0.46996996996997 0.036000000000000004 0.07507507507507508
4 0.11900000000000001 0.4084084084084084 0.054 0.12012012012012012
4 0.169 0.4804804804804805 0.062 0.09009009009009009
4 0.163 0.36486486486486486 0.05 0.0990990990990991
4 0.196 0.33783783783783783 0.048 0.0990990990990991
4 0.243 0.34234234234234234 0.054 0.0960960960960961
4 0.259 0.37537537537537535 0.054 0.1021021021021021
4 0.242 0.45495495495495497 0.052000000000000005 0.08708708708708708
4 0.225 0.5735735735735735 0.054 0.07807807807807808
4 0.24 0.6381381381381381 0.04 0.07507507507507508
4 0.266 0.6771771771771772 0.036000000000000004 0.08708708708708708
4 0.298 0.6861861861861862 0.052000000000000005 0.0990990990990991
4 0.337 0.7417417417417418 0.05 0.08408408408408408
4 0.388 0.7582582582582582 0.032 0.06306306306306306
4 0.361 0.43243243243243246 0.138 0.22822822822822822
4 0.435 0.581081081081081 0.094 0.3033033033033033
4 0.373 0.5990990990990991 0.066 0.13513513513513514
4 0.511 0.5075075075075075 0.14200000000000002 0.2882882882882883
4 0.653 0.48348348348348347 0.154 0.16816816816816815
4 0.673 0.4024024024024024 0.05 0.08408408408408408
4 0.644 0.5825825825825826 0.052000000000000005 0.09009009009009009
4 0.67 0.6786786786786787 0.048 0.09009009009009009
4 0.763 0.7177177177177178 0.058 0.0960960960960961
4 0.709 0.5900900900900901 0.05 0.0990990990990991
4 0.736 0.3153153153153153 0.048 0.0960960960960961
4 0.789 0.3108108108108108 0.062 0.14114114114114115
4 0.769 0.39789789789789787 0.05 0.07507507507507508
4 0.798 0.45045045045045046 0.048 0.06606606606606606
4 0.767 0.496996996996997 0.07 0.12312312312312312
4 0.842 0.581081081081081 0.1 0.17117117117117117
4 0.887 0.45795795795795796 0.07 0.15315315315315314
4 0.962 0.46996996996997 0.07200000000000001 0.15915915915915915
4 0.9500000000000001 0.5900900900900901 0.092 0.10510510510510511
4 0.974 0.7897897897897898 0.04 0.06006006006006006
