4 0.218 0.8343373493975904 0.124 0.20481927710843376
4 0.371 0.8825301204819278 0.094 0.1927710843373494
4 0.468 0.8795180722891567 0.116 0.1927710843373494
4 0.609 0.7605421686746988 0.11800000000000001 0.18373493975903615
4 0.763 0.8524096385542169 0.074 0.15060240963855423
4 0.887 0.8885542168674699 0.222 0.21686746987951808
4 0.89 0.697289156626506 0.084 0.10542168674698796
4 0.747 0.6039156626506025 0.11800000000000001 0.177710843373494
4 0.842 0.6385542168674699 0.10400000000000001 0.18072289156626506
4 0.105 0.7424698795180723 0.098 0.1716867469879518
4 0.042 0.8117469879518072 0.084 0.22590361445783133
4 0.028 0.6551204819277109 0.056 0.11746987951807229
4 0.049 0.5843373493975904 0.09 0.14457831325301207
4 0.195 0.6475903614457832 0.154 0.1746987951807229
4 0.371 0.6460843373493976 0.11 0.1957831325301205
4 0.433 0.6295180722891567 0.106 0.29518072289156627
4 0.553 0.5783132530120483 0.074 0.14457831325301207
4 0.651 0.625 0.09 0.10542168674698796
4 0.107 0.4036144578313253 0.098 0.16867469879518074
4 0.163 0.5301204819277109 0.08600000000000001 0.1566265060240964
4 0.244 0.42168674698795183 0.148 0.16265060240963855
4 0.302 0.5195783132530121 0.092 0.10542168674698796
4 0.34600000000000003 0.4774096385542169 0.088 0.16566265060240964
4 0.492 0.43222891566265065 0.12 0.13554216867469882
4 0.612 0.4593373493975904 0.132 0.14759036144578314
4 0.881 0.4864457831325301 0.09 0.1536144578313253
4 0.746 0.4533132530120482 0.092 0.15963855421686748
4 0.862 0.20933734939759038 0.272 0.3885542168674699
4 0.624 0.20180722891566266 0.228 0.4036144578313253
4 0.191 0.19728915662650603 0.382 0.39457831325301207
4 0.442 0.2033132530120482 0.16 0.4066265060240964
