4 0.3515625 0.619718309859155 0.09062500000000001 0.10328638497652583
4 0.878125 0.5446009389671361 0.0625 0.09389671361502347
4 0.9515625000000001 0.6619718309859155 0.09062500000000001 0.28169014084507044
4 0.9031250000000001 0.46009389671361506 0.1875 0.12206572769953052
4 0.043750000000000004 0.7230046948356808 0.08750000000000001 0.14084507042253522
4 0.1203125 0.6713615023474179 0.10312500000000001 0.12206572769953052
4 0.19687500000000002 0.5633802816901409 0.21875 0.10328638497652583
4 0.3171875 0.5164319248826291 0.040625 0.07511737089201878
4 0.47187500000000004 0.45305164319248825 0.15625 0.107981220657277
4 0.19843750000000002 0.4647887323943662 0.39687500000000003 0.12206572769953052
4 0.6062500000000001 0.43896713615023475 0.1125 0.0892018779342723
4 0.6875 0.4413145539906103 0.05 0.09389671361502347
4 0.7515625 0.4154929577464789 0.084375 0.04225352112676056
