0 0.14 0.22372372372372373 0.176 0.3033033033033033
0 0.338 0.16966966966966968 0.196 0.3033033033033033
0 0.312 0.3918918918918919 0.128 0.1891891891891892
0 0.229 0.4744744744744745 0.122 0.21021021021021022
0 0.044 0.6771771771771772 0.088 0.14714714714714713
0 0.131 0.6936936936936937 0.10200000000000001 0.18018018018018017
0 0.209 0.6126126126126126 0.126 0.10810810810810811
0 0.234 0.7267267267267267 0.112 0.14414414414414414
0 0.305 0.7342342342342342 0.074 0.14714714714714713
0 0.384 0.6936936936936937 0.12 0.21621621621621623
0 0.39 0.5180180180180181 0.124 0.15915915915915915
0 0.47400000000000003 0.7987987987987988 0.084 0.15615615615615616
0 0.482 0.6366366366366366 0.112 0.16816816816816815
0 0.591 0.5690690690690691 0.146 0.15915915915915915
0 0.596 0.7207207207207207 0.14 0.16216216216216217
0 0.66 0.7267267267267267 0.10400000000000001 0.14414414414414414
0 0.738 0.7342342342342342 0.12 0.15315315315315314
0 0.867 0.7807807807807807 0.182 0.2882882882882883
0 0.8310000000000001 0.9504504504504504 0.182 0.09309309309309309
0 0.66 0.9159159159159159 0.112 0.1021021021021021
0 0.026000000000000002 0.8183183183183184 0.052000000000000005 0.07507507507507508
0 0.463 0.28378378378378377 0.078 0.10510510510510511
0 0.508 0.2552552552552553 0.084 0.09009009009009009
0 0.5650000000000001 0.24174174174174173 0.10200000000000001 0.12912912912912913
0 0.517 0.18618618618618618 0.138 0.12012012012012012
0 0.664 0.16216216216216217 0.116 0.09009009009009009
0 0.641 0.24324324324324323 0.126 0.16816816816816815
0 0.6990000000000001 0.33783783783783783 0.114 0.13513513513513514
0 0.633 0.4189189189189189 0.082 0.15315315315315314
0 0.6980000000000001 0.43093093093093093 0.084 0.13513513513513514
0 0.721 0.38288288288288286 0.122 0.1111111111111111
0 0.802 0.44594594594594594 0.108 0.12912912912912913
0 0.784 0.5735735735735735 0.148 0.12612612612612611
0 0.715 0.6156156156156156 0.106 0.12012012012012012
0 0.876 0.3048048048048048 0.124 0.14114114114114115
0 0.965 0.34234234234234234 0.066 0.13213213213213212
0 0.9420000000000001 0.5615615615615616 0.04 0.05405405405405406
0 0.979 0.6996996996996997 0.038 0.07807807807807808
0 0.978 0.47897897897897895 0.04 0.06306306306306306
0 0.859 0.16816816816816815 0.054 0.08408408408408408
0 0.926 0.08108108108108109 0.084 0.10810810810810811
0 0.746 0.8363363363363363 0.10400000000000001 0.13513513513513514
