4 0.026562500000000003 0.88125 0.053125000000000006 0.1375
4 0.1375 0.825 0.08125 0.13333333333333333
4 0.209375 0.80625 0.05625 0.1125
4 0.246875 0.7375 0.0625 0.10833333333333334
4 0.3484375 0.75625 0.084375 0.14583333333333334
4 0.3796875 0.55 0.065625 0.10833333333333334
4 0.43281250000000004 0.7125 0.034375 0.075
4 0.3296875 0.9583333333333334 0.07187500000000001 0.075
4 0.4546875 0.8520833333333333 0.096875 0.17083333333333334
4 0.5765625 0.78125 0.096875 0.1625
4 0.5640625 0.525 0.065625 0.11666666666666667
4 0.665625 0.68125 0.1 0.14583333333333334
4 0.671875 0.9041666666666667 0.125 0.18333333333333332
4 0.7984375 0.8520833333333333 0.096875 0.12916666666666665
4 0.7921875 0.68125 0.10312500000000001 0.1875
4 0.8546875 0.55 0.065625 0.09166666666666666
4 0.9656250000000001 0.4708333333333333 0.0625 0.10833333333333334
4 0.8921875 0.7666666666666666 0.07187500000000001 0.10833333333333334
4 0.9593750000000001 0.75 0.05625 0.1
