4 0.09531250000000001 0.55 0.19062500000000002 0.2583333333333333
4 0.08750000000000001 0.7645833333333333 0.17500000000000002 0.3208333333333333
4 0.41718750000000004 0.6104166666666666 0.40937500000000004 0.5791666666666666
4 0.671875 0.74375 0.26875 0.3375
4 0.7828125 0.8624999999999999 0.215625 0.26666666666666666
4 0.8343750000000001 0.6854166666666667 0.21250000000000002 0.30416666666666664
4 0.1875 0.17083333333333334 0.28750000000000003 0.3416666666666667
4 0.32343750000000004 0.24791666666666667 0.171875 0.3125
4 0.43593750000000003 0.11458333333333333 0.178125 0.22916666666666666
4 0.6140625000000001 0.27708333333333335 0.434375 0.5541666666666667
