4 0.1390625 0.5598290598290598 0.053125000000000006 0.08547008547008547
4 0.0625 0.6623931623931625 0.05 0.08547008547008547
4 0.1484375 0.6816239316239316 0.078125 0.0982905982905983
4 0.19375 0.4764957264957265 0.043750000000000004 0.06410256410256411
4 0.09843750000000001 0.11111111111111112 0.19687500000000002 0.17094017094017094
4 0.33125000000000004 0.11752136752136753 0.2625 0.20085470085470086
4 0.728125 0.12820512820512822 0.5375 0.23931623931623935
4 0.5796875 0.25854700854700857 0.034375 0.05555555555555556
4 0.628125 0.26282051282051283 0.037500000000000006 0.06410256410256411
4 0.6781250000000001 0.26709401709401714 0.05625 0.06410256410256411
4 0.7421875 0.3653846153846154 0.12812500000000002 0.1495726495726496
4 0.7359375 0.27564102564102566 0.034375 0.05555555555555556
4 0.9 0.3653846153846154 0.19375 0.30341880341880345
4 0.80625 0.5085470085470086 0.043750000000000004 0.06837606837606838
4 0.953125 0.5982905982905984 0.05 0.08547008547008547
4 0.31875000000000003 0.9123931623931625 0.1 0.11538461538461539
4 0.325 0.7008547008547009 0.05625 0.09401709401709403
4 0.4078125 0.6025641025641026 0.046875 0.07692307692307693
4 0.5390625 0.6196581196581197 0.046875 0.06837606837606838
4 0.434375 0.8226495726495727 0.043750000000000004 0.0982905982905983
4 0.5484375 0.7692307692307693 0.07187500000000001 0.09401709401709403
4 0.6421875 0.7457264957264959 0.059375000000000004 0.0982905982905983
4 0.628125 0.8568376068376069 0.0625 0.08974358974358976
4 0.8203125 0.7735042735042735 0.059375000000000004 0.09401709401709403
4 0.796875 0.6004273504273505 0.05 0.0811965811965812
4 0.8375 0.6303418803418804 0.05625 0.0811965811965812
4 0.6781250000000001 0.6196581196581197 0.125 0.11965811965811968
4 0.27187500000000003 0.5106837606837608 0.05 0.07264957264957266
4 0.3984375 0.4764957264957265 0.053125000000000006 0.08974358974358976
4 0.4734375 0.514957264957265 0.065625 0.07264957264957266
4 0.5359375000000001 0.5448717948717949 0.046875 0.07264957264957266
4 0.018750000000000003 0.5213675213675214 0.037500000000000006 0.05982905982905984
4 0.015625 0.6004273504273505 0.03125 0.06410256410256411
4 0.13125 0.3162393162393163 0.2625 0.23931623931623935
4 0.2828125 0.3803418803418804 0.046875 0.07692307692307693
4 0.4375 0.3290598290598291 0.25 0.2136752136752137
4 0.5859375 0.4572649572649573 0.046875 0.13675213675213677
4 0.7125 0.47222222222222227 0.043750000000000004 0.06410256410256411
4 0.6625000000000001 0.9423076923076924 0.05 0.06410256410256411
