4 0.484 0.2042042042042042 0.968 0.2702702702702703
4 0.329 0.34534534534534533 0.05 0.09009009009009009
4 0.099 0.38738738738738737 0.058 0.14414414414414414
4 0.041 0.48348348348348347 0.082 0.1921921921921922
4 0.232 0.3933933933933934 0.048 0.1021021021021021
4 0.196 0.4894894894894895 0.10400000000000001 0.1921921921921922
4 0.326 0.47597597597597596 0.12 0.2012012012012012
4 0.448 0.46846846846846846 0.056 0.0960960960960961
4 0.643 0.46996996996997 0.162 0.23723723723723725
4 0.802 0.5225225225225225 0.092 0.16216216216216217
4 0.92 0.49099099099099097 0.056 0.12312312312312312
4 0.974 0.5075075075075075 0.048 0.12612612612612611
4 0.076 0.6696696696696697 0.152 0.25225225225225223
4 0.183 0.7237237237237237 0.062 0.12012012012012012
4 0.221 0.6006006006006006 0.07 0.13213213213213212
4 0.28800000000000003 0.7402402402402403 0.148 0.12912912912912913
4 0.301 0.6366366366366366 0.09 0.14414414414414414
4 0.424 0.6606606606606606 0.124 0.18618618618618618
4 0.685 0.6981981981981982 0.446 0.26126126126126126
4 0.218 0.8813813813813813 0.436 0.23123123123123124
4 0.72 0.8948948948948949 0.556 0.2042042042042042
4 0.9570000000000001 0.7717717717717718 0.082 0.22822822822822822
