0 0.45937500000000003 0.20625 0.46875 0.1625
0 0.12187500000000001 0.1625 0.24375000000000002 0.1
0 0.540625 0.075 0.28125 0.1
0 0.8500000000000001 0.08958333333333333 0.275 0.09583333333333333
0 0.7718750000000001 0.03958333333333333 0.29375 0.07916666666666666
0 0.89375 0.20833333333333334 0.2 0.14166666666666666
0 0.83125 0.36666666666666664 0.325 0.2
0 0.565625 0.5270833333333333 0.6687500000000001 0.2875
0 0.178125 0.3416666666666667 0.35625 0.14166666666666666
0 0.10625000000000001 0.50625 0.21250000000000002 0.2125
0 0.553125 0.7791666666666667 0.8812500000000001 0.43333333333333335
