0 0.07968750000000001 0.20325203252032523 0.15937500000000002 0.17073170731707318
0 0.20625000000000002 0.11585365853658537 0.13125 0.10162601626016261
0 0.215625 0.0467479674796748 0.18125000000000002 0.0934959349593496
0 0.384375 0.05894308943089432 0.17500000000000002 0.11788617886178863
0 0.578125 0.1626016260162602 0.23750000000000002 0.14634146341463417
0 0.9234375 0.22154471544715448 0.146875 0.1585365853658537
0 0.9515625000000001 0.06300813008130082 0.09062500000000001 0.12601626016260165
0 0.925 0.467479674796748 0.14375000000000002 0.22764227642276424
0 0.765625 0.7967479674796749 0.20625000000000002 0.1951219512195122
0 0.2921875 0.7764227642276423 0.265625 0.1869918699186992
0 0.065625 0.8231707317073171 0.13125 0.12601626016260165
0 0.2703125 0.43699186991869926 0.309375 0.24796747967479676
0 0.34218750000000003 0.5731707317073171 0.19062500000000002 0.13821138211382114
0 0.1 0.5731707317073171 0.2 0.21138211382113822
0 0.0765625 0.4390243902439025 0.153125 0.2520325203252033
0 0.696875 0.43495934959349597 0.25625000000000003 0.21138211382113822
0 0.41875 0.22764227642276424 0.17500000000000002 0.13008130081300814
0 0.6781250000000001 0.33130081300813014 0.20625000000000002 0.11788617886178863
0 0.36875 0.3353658536585366 0.23125 0.12601626016260165
0 0.5078125 0.34756097560975613 0.246875 0.1829268292682927
0 0.6890625 0.644308943089431 0.07187500000000001 0.07723577235772358
0 0.3984375 0.8678861788617888 0.059375000000000004 0.06097560975609757
