2 0.06 0.4743975903614458 0.108 0.18373493975903615
2 0.22 0.5150602409638555 0.188 0.16265060240963855
2 0.19 0.391566265060241 0.06 0.0783132530120482
2 0.291 0.3283132530120482 0.062 0.12048192771084337
2 0.249 0.17319277108433737 0.062 0.07530120481927711
2 0.201 0.25903614457831325 0.054 0.06626506024096386
2 0.35100000000000003 0.2635542168674699 0.054 0.11144578313253013
2 0.384 0.32680722891566266 0.048 0.09337349397590362
2 0.47000000000000003 0.1852409638554217 0.044 0.08132530120481928
2 0.389 0.14156626506024098 0.042 0.060240963855421686
2 0.22 0.8207831325301205 0.056 0.11144578313253013
2 0.27 0.8915662650602411 0.048 0.07228915662650603
2 0.40900000000000003 0.9277108433734941 0.046 0.10240963855421688
2 0.362 0.5406626506024097 0.092 0.12349397590361447
2 0.428 0.5256024096385542 0.052000000000000005 0.07530120481927711
2 0.5750000000000001 0.48343373493975905 0.126 0.12951807228915663
2 0.654 0.7530120481927711 0.048 0.0783132530120482
2 0.434 0.8524096385542169 0.052000000000000005 0.06626506024096386
