0 0.131 0.1021021021021021 0.262 0.2042042042042042
0 0.098 0.33783783783783783 0.184 0.24324324324324323
0 0.085 0.6546546546546547 0.17 0.3183183183183183
0 0.17200000000000001 0.8063063063063063 0.22 0.2912912912912913
0 0.466 0.45945945945945943 0.272 0.3303303303303303
0 0.727 0.7927927927927928 0.27 0.4084084084084084
0 0.917 0.12612612612612611 0.162 0.25225225225225223
0 0.8190000000000001 0.26576576576576577 0.198 0.2132132132132132
0 0.935 0.8273273273273273 0.126 0.22522522522522523
0 0.41200000000000003 0.24474474474474475 0.248 0.3153153153153153
0 0.58 0.5165165165165165 0.248 0.36036036036036034
0 0.463 0.6231231231231231 0.23800000000000002 0.30930930930930933
0 0.42 0.8753753753753754 0.316 0.24324324324324323
0 0.614 0.8408408408408409 0.264 0.3123123123123123
0 0.858 0.5870870870870871 0.164 0.23123123123123124
0 0.804 0.4369369369369369 0.116 0.15315315315315314
