0 0.59 0.43846153846153846 0.124 0.14461538461538462
0 0.6930000000000001 0.5061538461538462 0.094 0.09538461538461539
0 0.641 0.6815384615384615 0.11800000000000001 0.13230769230769232
0 0.721 0.6092307692307692 0.134 0.14153846153846153
0 0.579 0.8507692307692307 0.146 0.18769230769230769
0 0.47800000000000004 0.9523076923076923 0.1 0.08923076923076922
0 0.522 0.7261538461538461 0.07200000000000001 0.08615384615384615
0 0.876 0.6984615384615385 0.1 0.12307692307692308
0 0.9460000000000001 0.7984615384615384 0.10400000000000001 0.16307692307692306
0 0.9540000000000001 0.6369230769230769 0.088 0.16
0 0.8190000000000001 0.04153846153846154 0.158 0.08307692307692308
0 0.927 0.2907692307692308 0.14200000000000002 0.31076923076923074
0 0.853 0.5107692307692308 0.074 0.11692307692307692
0 0.9530000000000001 0.5107692307692308 0.058 0.08
0 0.579 0.2753846153846154 0.114 0.1076923076923077
0 0.615 0.17076923076923076 0.146 0.12
0 0.809 0.18461538461538463 0.07 0.08615384615384615
0 0.737 0.24153846153846154 0.05 0.07076923076923076
0 0.459 0.38 0.09 0.10153846153846154
0 0.433 0.6169230769230769 0.074 0.12
0 0.163 0.8784615384615385 0.094 0.08307692307692308
0 0.17200000000000001 0.68 0.092 0.12923076923076923
0 0.248 0.76 0.088 0.09846153846153846
0 0.309 0.6646153846153846 0.062 0.14153846153846153
0 0.22 0.5846153846153846 0.092 0.12307692307692308
0 0.269 0.5215384615384615 0.17400000000000002 0.18769230769230769
0 0.298 0.41384615384615386 0.10400000000000001 0.09538461538461539
0 0.184 0.3630769230769231 0.112 0.16
0 0.23700000000000002 0.30923076923076925 0.074 0.08307692307692308
0 0.216 0.19230769230769232 0.088 0.08923076923076922
0 0.331 0.08923076923076922 0.114 0.14153846153846153
0 0.355 0.1753846153846154 0.078 0.09230769230769231
0 0.037 0.8538461538461538 0.074 0.13846153846153847
0 0.06 0.4846153846153846 0.12 0.15076923076923077
0 0.12 0.5261538461538462 0.1 0.10461538461538461
0 0.08600000000000001 0.3861538461538462 0.108 0.14461538461538462
0 0.028 0.4046153846153846 0.056 0.13846153846153847
0 0.04 0.24615384615384617 0.08 0.12307692307692308
0 0.109 0.17846153846153845 0.106 0.09846153846153846
0 0.134 0.052307692307692305 0.164 0.10461538461538461
0 0.163 0.11538461538461539 0.082 0.07076923076923076
0 0.558 0.09846153846153846 0.07200000000000001 0.09230769230769231
0 0.608 0.3261538461538461 0.068 0.09230769230769231
0 0.178 0.9661538461538461 0.048 0.06153846153846154
0 0.11800000000000001 0.9815384615384616 0.096 0.03076923076923077
0 0.073 0.6061538461538462 0.098 0.12307692307692308
