3 0.07200000000000001 0.6751497005988024 0.14400000000000002 0.3203592814371258
3 0.209 0.5553892215568863 0.11800000000000001 0.15868263473053892
3 0.362 0.6856287425149701 0.16 0.36526946107784436
3 0.598 0.5703592814371258 0.16 0.23652694610778444
3 0.6 0.9101796407185629 0.26 0.17365269461077845
3 0.877 0.5224550898203593 0.186 0.23053892215568864
3 0.20700000000000002 0.4476047904191617 0.41000000000000003 0.17065868263473055
3 0.5 0.4850299401197605 0.068 0.11976047904191617
3 0.682 0.44311377245508987 0.128 0.10179640718562875
3 0.705 0.4131736526946108 0.586 0.14970059880239522
