3 0.10625000000000001 0.4507042253521127 0.1375 0.215962441314554
3 0.6687500000000001 0.687793427230047 0.18125000000000002 0.26760563380281693
3 0.4390625 0.727699530516432 0.19062500000000002 0.2535211267605634
3 0.284375 0.47887323943661975 0.125 0.16901408450704225
3 0.4890625 0.4694835680751174 0.12187500000000001 0.16901408450704225
3 0.9671875000000001 0.4765258215962441 0.059375000000000004 0.23004694835680753
3 0.7140625 0.42018779342723006 0.140625 0.23004694835680753
3 0.7765625 0.607981220657277 0.16562500000000002 0.19248826291079812
3 0.6203125 0.4812206572769953 0.07187500000000001 0.1643192488262911
3 0.8421875000000001 0.4671361502347418 0.09062500000000001 0.1267605633802817
3 0.1796875 0.7769953051643192 0.359375 0.4366197183098592
3 0.5906250000000001 0.8802816901408451 0.18125000000000002 0.23004694835680753
3 0.8359375 0.8802816901408451 0.246875 0.23004694835680753
3 0.0328125 0.4295774647887324 0.065625 0.18309859154929578
3 0.21406250000000002 0.43896713615023475 0.09062500000000001 0.15492957746478875
3 0.49843750000000003 0.22300469483568075 0.9968750000000001 0.4460093896713615
