1 0.36250000000000004 0.1643192488262911 0.15000000000000002 0.1971830985915493
1 0.55625 0.4859154929577465 0.1375 0.17370892018779344
1 0.7375 0.4765258215962441 0.1875 0.22065727699530516
1 0.7312500000000001 0.6854460093896714 0.1625 0.22535211267605634
1 0.8984375 0.5375586854460094 0.19687500000000002 0.20187793427230047
1 0.8875000000000001 0.2112676056338028 0.1375 0.1971830985915493
1 0.3375 0.6455399061032864 0.325 0.4366197183098592
1 0.7781250000000001 0.9131455399061033 0.17500000000000002 0.1643192488262911
1 0.11875000000000001 0.19248826291079812 0.23750000000000002 0.3004694835680751
1 0.05625 0.4859154929577465 0.1125 0.18309859154929578
1 0.1234375 0.8004694835680751 0.246875 0.38967136150234744
1 0.909375 0.7136150234741784 0.17500000000000002 0.14084507042253522
