3 0.058 0.824773413897281 0.07200000000000001 0.1268882175226586
3 0.10200000000000001 0.6253776435045317 0.064 0.22356495468277945
3 0.062 0.7250755287009063 0.064 0.09667673716012085
3 0.138 0.8851963746223565 0.06 0.12084592145015105
3 0.506 0.5392749244712991 0.08 0.17220543806646527
3 0.806 0.3942598187311178 0.06 0.1661631419939577
3 0.6880000000000001 0.7371601208459214 0.10400000000000001 0.1691842900302115
3 0.8250000000000001 0.6344410876132931 0.09 0.18731117824773413
3 0.58 0.49697885196374625 0.052000000000000005 0.13595166163141995
3 0.925 0.7477341389728097 0.062 0.1419939577039275
3 0.498 0.6676737160120846 0.996 0.6404833836858006
