3 0.7734375 0.3615023474178404 0.078125 0.11267605633802817
3 0.40937500000000004 0.33568075117370894 0.0625 0.11737089201877934
3 0.55 0.4225352112676056 0.0625 0.13145539906103287
3 0.61875 0.4014084507042254 0.043750000000000004 0.1267605633802817
3 0.6859375000000001 0.44366197183098594 0.07187500000000001 0.11737089201877934
3 0.875 0.40375586854460094 0.05625 0.13145539906103287
3 0.2546875 0.3685446009389671 0.053125000000000006 0.0892018779342723
3 0.1921875 0.3873239436619718 0.065625 0.07981220657276995
3 0.33125000000000004 0.4671361502347418 0.10625000000000001 0.107981220657277
3 0.025 0.4178403755868545 0.05 0.13145539906103287
3 0.1125 0.45305164319248825 0.1125 0.11737089201877934
