3 0.499 0.49397590361445787 0.998 0.3433734939759036
3 0.145 0.6445783132530121 0.034 0.0963855421686747
3 0.07100000000000001 0.8403614457831325 0.05 0.06626506024096386
3 0.727 0.7033132530120483 0.054 0.08132530120481928
3 0.75 0.6009036144578314 0.052000000000000005 0.07530120481927711
3 0.923 0.658132530120482 0.05 0.09939759036144578
3 0.969 0.871987951807229 0.03 0.09337349397590362
3 0.507 0.5903614457831325 0.038 0.05421686746987952
3 0.362 0.7439759036144579 0.028 0.042168674698795185
3 0.429 0.8418674698795181 0.062 0.09337349397590362
