0 0.5078125 0.4624413145539906 0.209375 0.23004694835680753
0 0.6234375000000001 0.47887323943661975 0.065625 0.16901408450704225
0 0.6234375000000001 0.6572769953051644 0.19062500000000002 0.14084507042253522
0 0.3796875 0.8192488262910799 0.07187500000000001 0.107981220657277
0 0.2609375 0.6948356807511737 0.053125000000000006 0.06572769953051644
0 0.2484375 0.7981220657276995 0.034375 0.046948356807511735
0 0.07500000000000001 0.7605633802816901 0.06875 0.10328638497652583
0 0.15000000000000002 0.7605633802816901 0.05625 0.08450704225352113
0 0.026562500000000003 0.931924882629108 0.053125000000000006 0.06103286384976526
0 0.05625 0.8802816901408451 0.037500000000000006 0.07042253521126761
0 0.029687500000000002 0.755868544600939 0.059375000000000004 0.09389671361502347
0 0.296875 0.4906103286384977 0.0625 0.07981220657276995
0 0.5625 0.2934272300469484 0.05625 0.09859154929577466
0 0.41875 0.2652582159624413 0.1125 0.14553990610328638
0 0.0703125 0.18544600938967137 0.140625 0.3427230046948357
0 0.215625 0.38028169014084506 0.15625 0.16901408450704225
0 0.2578125 0.24882629107981222 0.10312500000000001 0.1596244131455399
0 0.253125 0.09859154929577466 0.23750000000000002 0.16901408450704225
0 0.5015625 0.12910798122065728 0.078125 0.13615023474178403
0 0.6234375000000001 0.0539906103286385 0.109375 0.107981220657277
0 0.16875 0.2112676056338028 0.07500000000000001 0.13145539906103287
0 0.10625000000000001 0.4906103286384977 0.08125 0.107981220657277
0 0.42031250000000003 0.09154929577464789 0.078125 0.18309859154929578
0 0.36250000000000004 0.29107981220657275 0.037500000000000006 0.06572769953051644
