0 0.068 0.4904153354632588 0.136 0.3993610223642172
0 0.153 0.5926517571884984 0.166 0.329073482428115
0 0.3 0.5319488817891374 0.108 0.194888178913738
0 0.376 0.6325878594249201 0.124 0.19808306709265175
0 0.455 0.7220447284345047 0.11800000000000001 0.2108626198083067
0 0.464 0.4744408945686901 0.184 0.28434504792332266
0 0.677 0.329073482428115 0.178 0.28115015974440893
0 0.626 0.5383386581469648 0.16 0.2460063897763578
0 0.796 0.4217252396166134 0.116 0.17891373801916932
0 0.928 0.46166134185303515 0.116 0.2012779552715655
0 0.9440000000000001 0.6054313099041533 0.108 0.18210862619808305
0 0.801 0.7763578274760383 0.198 0.30670926517571884
0 0.59 0.8498402555910542 0.192 0.2939297124600639
0 0.41500000000000004 0.9217252396166133 0.122 0.1501597444089457
0 0.055 0.9361022364217252 0.11 0.12140575079872204
0 0.58 0.43610223642172524 0.132 0.13738019169329074
0 0.40900000000000003 0.1996805111821086 0.158 0.2012779552715655
0 0.47000000000000003 0.2971246006389776 0.052000000000000005 0.06389776357827476
0 0.181 0.28913738019169327 0.14200000000000002 0.1182108626198083
0 0.146 0.04952076677316294 0.14 0.09904153354632587
0 0.156 0.18051118210862618 0.128 0.13099041533546324
0 0.19 0.08945686900958466 0.124 0.14696485623003194
0 0.274 0.1389776357827476 0.124 0.18849840255591055
0 0.404 0.08146964856230032 0.156 0.16293929712460065
0 0.49 0.04313099041533546 0.132 0.08626198083067092
