1 0.042 0.7402402402402403 0.084 0.15315315315315314
1 0.23500000000000001 0.7327327327327328 0.198 0.21021021021021022
1 0.422 0.6531531531531531 0.176 0.14114114114114115
1 0.46 0.7957957957957957 0.156 0.16216216216216217
1 0.464 0.22522522522522523 0.14400000000000002 0.13813813813813813
1 0.5720000000000001 0.23873873873873874 0.17200000000000001 0.2012012012012012
1 0.404 0.27177177177177175 0.116 0.1111111111111111
1 0.557 0.4009009009009009 0.166 0.15315315315315314
1 0.805 0.35735735735735735 0.226 0.1921921921921922
1 0.749 0.5825825825825826 0.182 0.16816816816816815
1 0.605 0.6681681681681682 0.126 0.15915915915915915
1 0.724 0.6861861861861862 0.164 0.17117117117117117
1 0.9490000000000001 0.7027027027027027 0.098 0.13213213213213212
