0 0.0703125 0.08541666666666667 0.140625 0.1125
0 0.1625 0.18958333333333333 0.18125000000000002 0.15416666666666667
0 0.484375 0.10416666666666667 0.15625 0.13333333333333333
0 0.2671875 0.21875 0.046875 0.07083333333333333
0 0.6015625 0.23333333333333334 0.040625 0.08333333333333333
0 0.9203125000000001 0.029166666666666667 0.078125 0.058333333333333334
0 0.9 0.33541666666666664 0.19375 0.2625
0 0.209375 0.39166666666666666 0.225 0.19166666666666665
0 0.234375 0.3 0.05625 0.058333333333333334
0 0.09843750000000001 0.66875 0.140625 0.14583333333333334
0 0.9656250000000001 0.45208333333333334 0.0625 0.0875
0 0.36250000000000004 0.7583333333333333 0.36250000000000004 0.475
0 0.6265625 0.7541666666666667 0.340625 0.48333333333333334
0 0.290625 0.5291666666666667 0.3375 0.375
0 0.7046875 0.4041666666666667 0.259375 0.24166666666666667
0 0.4703125 0.29375 0.078125 0.0875
0 0.5703125 0.33541666666666664 0.12812500000000002 0.12916666666666665
0 0.37812500000000004 0.41875 0.15625 0.14583333333333334
0 0.45 0.38958333333333334 0.1125 0.12083333333333333
0 0.49375 0.375 0.125 0.10833333333333334
0 0.5750000000000001 0.33958333333333335 0.13125 0.12083333333333333
0 0.6890625 0.22291666666666665 0.040625 0.05416666666666667
