0 0.714 0.45454545454545453 0.316 0.36363636363636365
0 0.34700000000000003 0.8840125391849529 0.066 0.09404388714733541
0 0.622 0.8322884012539185 0.052000000000000005 0.07210031347962383
0 0.918 0.9498432601880877 0.08 0.07523510971786834
0 0.439 0.6426332288401254 0.034 0.05642633228840125
0 0.31 0.7774294670846394 0.04 0.06896551724137931
0 0.41000000000000003 0.786833855799373 0.048 0.06269592476489028
0 0.217 0.6003134796238244 0.054 0.07210031347962383
0 0.28700000000000003 0.5924764890282131 0.05 0.08150470219435736
0 0.123 0.658307210031348 0.054 0.07523510971786834
0 0.052000000000000005 0.5862068965517241 0.036000000000000004 0.06269592476489028
0 0.016 0.8746081504702194 0.032 0.05642633228840125
0 0.08 0.43103448275862066 0.036000000000000004 0.06583072100313479
0 0.19 0.390282131661442 0.04 0.05329153605015674
0 0.16 0.1974921630094044 0.044 0.06269592476489028
0 0.016 0.2476489028213166 0.032 0.06269592476489028
0 0.279 0.10815047021943573 0.046 0.06583072100313479
0 0.329 0.050156739811912224 0.046 0.06896551724137931
0 0.126 0.028213166144200625 0.04 0.050156739811912224
0 0.446 0.07836990595611285 0.036000000000000004 0.06269592476489028
0 0.485 0.05329153605015674 0.042 0.05642633228840125
0 0.552 0.32601880877742945 0.052000000000000005 0.08150470219435736
