3 0.461 0.22289156626506026 0.066 0.10240963855421688
3 0.34900000000000003 0.21837349397590364 0.11800000000000001 0.14156626506024098
3 0.171 0.0963855421686747 0.038 0.07228915662650603
3 0.601 0.3283132530120482 0.07 0.1927710843373494
3 0.542 0.21536144578313254 0.068 0.06927710843373494
3 0.6960000000000001 0.36596385542168675 0.06 0.07530120481927711
3 0.972 0.42168674698795183 0.048 0.05421686746987952
3 0.343 0.39608433734939763 0.15 0.213855421686747
3 0.504 0.5481927710843374 0.084 0.10843373493975904
3 0.203 0.3132530120481928 0.07 0.10843373493975904
3 0.23700000000000002 0.25753012048192775 0.054 0.06927710843373494
3 0.982 0.31626506024096385 0.032 0.08433734939759037
3 0.787 0.30271084337349397 0.046 0.07530120481927711
