1 0.291 0.42792792792792794 0.354 0.46546546546546547
1 0.514 0.16816816816816815 0.14400000000000002 0.18618618618618618
1 0.742 0.33783783783783783 0.12 0.15915915915915915
1 0.796 0.4444444444444444 0.152 0.2042042042042042
1 0.773 0.7327327327327328 0.222 0.27627627627627627
1 0.9470000000000001 0.8213213213213213 0.10200000000000001 0.16516516516516516
1 0.853 0.5705705705705706 0.098 0.13813813813813813
1 0.925 0.6216216216216216 0.09 0.12612612612612611
1 0.052000000000000005 0.5465465465465466 0.084 0.1021021021021021
1 0.895 0.46096096096096095 0.062 0.1111111111111111
1 0.963 0.45045045045045046 0.07 0.09009009009009009
