0 0.033 0.10498220640569395 0.066 0.09608540925266904
0 0.122 0.16725978647686832 0.116 0.099644128113879
0 0.453 0.09430604982206406 0.11800000000000001 0.14590747330960854
0 0.516 0.25444839857651247 0.108 0.09608540925266904
0 0.588 0.1779359430604982 0.108 0.10676156583629892
0 0.842 0.18505338078291814 0.128 0.09252669039145907
0 0.806 0.25088967971530246 0.10400000000000001 0.10320284697508897
0 0.528 0.19217081850533807 0.088 0.07829181494661921
0 0.58 0.12099644128113879 0.088 0.08540925266903915
0 0.925 0.40925266903914587 0.11 0.10676156583629892
0 0.9 0.3238434163701067 0.06 0.11387900355871886
0 0.261 0.6761565836298932 0.11800000000000001 0.08540925266903915
0 0.33 0.6209964412811387 0.096 0.10320284697508897
0 0.435 0.5320284697508897 0.11800000000000001 0.0889679715302491
0 0.428 0.6850533807829181 0.076 0.18861209964412812
0 0.526 0.5729537366548042 0.08 0.1708185053380783
0 0.545 0.701067615658363 0.11800000000000001 0.1494661921708185
0 0.784 0.5516014234875445 0.096 0.09252669039145907
