4 0.607 0.6831831831831832 0.10200000000000001 0.2012012012012012
4 0.72 0.8423423423423423 0.1 0.1891891891891892
4 0.17300000000000001 0.5585585585585585 0.278 0.3303303303303303
4 0.074 0.30930930930930933 0.12 0.24024024024024024
4 0.20800000000000002 0.3018018018018018 0.224 0.46546546546546547
4 0.488 0.47147147147147145 0.168 0.34234234234234234
4 0.53 0.24324324324324323 0.17200000000000001 0.3183183183183183
4 0.623 0.37537537537537535 0.08600000000000001 0.15615615615615616
4 0.687 0.44894894894894893 0.09 0.17117117117117117
4 0.743 0.47897897897897895 0.078 0.12912912912912913
4 0.8240000000000001 0.3993993993993994 0.10400000000000001 0.21621621621621623
4 0.895 0.3048048048048048 0.20600000000000002 0.2132132132132132
4 0.916 0.48348348348348347 0.088 0.15615615615615616
