4 0.11731843575418995 0.4770833333333333 0.1564245810055866 0.19583333333333333
4 0.36312849162011174 0.6416666666666666 0.111731843575419 0.125
4 0.48044692737430167 0.65 0.1452513966480447 0.14166666666666666
4 0.49720670391061456 0.7395833333333334 0.1229050279329609 0.09583333333333333
4 0.7067039106145252 0.5395833333333333 0.13966480446927373 0.14583333333333334
4 0.8519553072625698 0.5270833333333333 0.15083798882681565 0.1875
4 0.4608938547486034 0.19583333333333333 0.12849162011173185 0.1
4 0.5335195530726257 0.13125 0.09497206703910614 0.10416666666666667
4 0.6005586592178771 0.3 0.13966480446927373 0.16666666666666666
4 0.6536312849162011 0.24166666666666667 0.223463687150838 0.16666666666666666
4 0.7206703910614526 0.33125 0.1229050279329609 0.12916666666666665
4 0.9022346368715084 0.12291666666666666 0.09497206703910614 0.10416666666666667
4 0.8016759776536313 0.15416666666666667 0.09497206703910614 0.10833333333333334
4 0.6731843575418994 0.15208333333333332 0.18435754189944134 0.14583333333333334
