4 0.278125 0.1509433962264151 0.55625 0.3018867924528302
4 0.7703125000000001 0.09433962264150943 0.453125 0.18867924528301885
4 0.171875 0.375 0.08750000000000001 0.15566037735849056
4 0.284375 0.33254716981132076 0.08125 0.15566037735849056
4 0.34218750000000003 0.4268867924528302 0.053125000000000006 0.1179245283018868
4 0.39375000000000004 0.29245283018867924 0.07500000000000001 0.12264150943396226
4 0.0625 0.40566037735849053 0.08750000000000001 0.16981132075471697
4 0.1296875 0.570754716981132 0.19062500000000002 0.2830188679245283
4 0.0328125 0.6556603773584906 0.065625 0.1792452830188679
4 0.078125 0.7735849056603773 0.07500000000000001 0.16037735849056603
