4 0.140625 0.625 0.043750000000000004 0.07758620689655173
4 0.23750000000000002 0.6271551724137931 0.0625 0.06465517241379311
4 0.36250000000000004 0.6573275862068966 0.08750000000000001 0.09913793103448276
4 0.4609375 0.7198275862068966 0.096875 0.08620689655172414
4 0.6578125 0.7478448275862069 0.07187500000000001 0.08189655172413793
4 0.5734375 0.6767241379310345 0.12187500000000001 0.11206896551724138
4 0.043750000000000004 0.8491379310344828 0.08125 0.08620689655172414
4 0.146875 0.8362068965517241 0.07500000000000001 0.08620689655172414
4 0.19375 0.7629310344827586 0.05 0.06896551724137931
4 0.2234375 0.7327586206896551 0.053125000000000006 0.06896551724137931
4 0.209375 0.8405172413793104 0.043750000000000004 0.06034482758620689
4 0.2921875 0.7672413793103449 0.059375000000000004 0.06896551724137931
