4 0.053125000000000006 0.3854166666666667 0.09375 0.19583333333333333
4 0.5750000000000001 0.80625 0.20625000000000002 0.3541666666666667
4 0.8859375 0.48541666666666666 0.22187500000000002 0.8458333333333333
4 0.68125 0.4270833333333333 0.1625 0.24583333333333332
4 0.5359375000000001 0.38125 0.12812500000000002 0.2375
4 0.478125 0.5375 0.0625 0.11666666666666667
4 0.278125 0.40208333333333335 0.34375 0.6375
4 0.4625 0.29375 0.08125 0.1875
4 0.6390625000000001 0.15416666666666667 0.371875 0.30833333333333335
4 0.07968750000000001 0.13958333333333334 0.15937500000000002 0.2791666666666667
4 0.31562500000000004 0.09166666666666666 0.3375 0.18333333333333332
