4 0.186 0.14156626506024098 0.084 0.12650602409638556
4 0.562 0.09939759036144578 0.056 0.12048192771084337
4 0.742 0.1069277108433735 0.07200000000000001 0.12951807228915663
4 0.868 0.12650602409638556 0.076 0.12048192771084337
4 0.9440000000000001 0.1566265060240964 0.088 0.13253012048192772
4 0.872 0.2274096385542169 0.076 0.12349397590361447
4 0.489 0.19728915662650603 0.098 0.12951807228915663
4 0.302 0.2560240963855422 0.068 0.12650602409638556
4 0.098 0.29668674698795183 0.068 0.14759036144578314
4 0.14400000000000002 0.4231927710843374 0.10400000000000001 0.1716867469879518
4 0.066 0.5075301204819277 0.07200000000000001 0.11746987951807229
4 0.167 0.5737951807228916 0.066 0.11144578313253013
4 0.13 0.7680722891566265 0.06 0.14457831325301207
4 0.052000000000000005 0.9503012048192772 0.084 0.09337349397590362
4 0.249 0.32680722891566266 0.07 0.12951807228915663
4 0.41400000000000003 0.3599397590361446 0.124 0.1536144578313253
4 0.53 0.34036144578313254 0.116 0.20481927710843376
4 0.323 0.6234939759036144 0.07 0.15060240963855423
4 0.32 0.46536144578313254 0.096 0.20180722891566266
4 0.66 0.49096385542168675 0.1 0.13855421686746988
4 0.604 0.6265060240963856 0.14400000000000002 0.13855421686746988
4 0.865 0.6490963855421688 0.074 0.16566265060240964
