4 0.299 0.7407407407407407 0.114 0.12962962962962962
4 0.432 0.6929012345679012 0.064 0.09567901234567901
4 0.384 0.8117283950617283 0.068 0.1419753086419753
4 0.501 0.8703703703703703 0.13 0.25308641975308643
4 0.606 0.8641975308641975 0.06 0.10493827160493827
4 0.722 0.9336419753086419 0.07200000000000001 0.12654320987654322
4 0.683 0.816358024691358 0.082 0.11419753086419752
4 0.554 0.6450617283950617 0.108 0.19135802469135801
4 0.621 0.6990740740740741 0.054 0.10185185185185185
4 0.807 0.6666666666666666 0.382 0.24691358024691357
4 0.868 0.5416666666666666 0.26 0.16975308641975306
4 0.862 0.8688271604938271 0.272 0.2561728395061728
4 0.369 0.4089506172839506 0.738 0.2561728395061728
4 0.108 0.5941358024691358 0.06 0.08950617283950617
4 0.242 0.5925925925925926 0.132 0.12345679012345678
4 0.424 0.5740740740740741 0.228 0.10493827160493827
4 0.5710000000000001 0.28858024691358025 0.854 0.16358024691358025
4 0.299 0.16358024691358025 0.558 0.08641975308641975
4 0.644 0.16358024691358025 0.12 0.08024691358024691
4 0.797 0.17129629629629628 0.078 0.08333333333333333
4 0.885 0.15123456790123457 0.098 0.06172839506172839
