4 0.202 0.6066066066066066 0.16 0.2042042042042042
4 0.268 0.481981981981982 0.112 0.11711711711711711
4 0.314 0.6426426426426426 0.048 0.16816816816816815
4 0.355 0.5645645645645646 0.062 0.2042042042042042
4 0.321 0.31981981981981983 0.082 0.17717717717717718
4 0.502 0.6201201201201201 0.296 0.24324324324324323
4 0.654 0.2042042042042042 0.084 0.17417417417417416
4 0.617 0.27927927927927926 0.11800000000000001 0.16216216216216217
4 0.506 0.4339339339339339 0.14 0.16516516516516516
4 0.639 0.4744744744744745 0.106 0.1921921921921922
4 0.6950000000000001 0.4009009009009009 0.05 0.15915915915915915
4 0.712 0.3003003003003003 0.04 0.12612612612612611
4 0.837 0.4174174174174174 0.114 0.15615615615615616
4 0.8180000000000001 0.47297297297297297 0.052000000000000005 0.15315315315315314
4 0.747 0.4744744744744745 0.05 0.18018018018018017
4 0.8210000000000001 0.6726726726726726 0.082 0.22822822822822822
4 0.687 0.7732732732732732 0.074 0.16516516516516516
4 0.721 0.6711711711711712 0.054 0.13513513513513514
