0 0.66875 0.4125 0.49583333333333335 0.4083333333333333
0 0.28125 0.275 0.5625 0.55
0 0.16041666666666665 0.8 0.3208333333333333 0.325
0 0.36041666666666666 0.8979166666666667 0.37916666666666665 0.19583333333333333
0 0.24166666666666667 0.74375 0.2833333333333333 0.17083333333333334
0 0.5875 0.7520833333333333 0.3333333333333333 0.2125
0 0.825 0.8375 0.19166666666666665 0.175
0 0.7541666666666667 0.9395833333333333 0.11666666666666667 0.10416666666666667
0 0.9166666666666666 0.73125 0.15833333333333333 0.24583333333333332
0 0.9583333333333334 0.5395833333333333 0.075 0.20416666666666666
