4 0.09375 0.46458333333333335 0.1875 0.4041666666666667
4 0.22968750000000002 0.4895833333333333 0.153125 0.1375
4 0.24531250000000002 0.3520833333333333 0.096875 0.09583333333333333
4 0.39687500000000003 0.3625 0.2 0.16666666666666666
4 0.609375 0.41875 0.1125 0.1125
4 0.45937500000000003 0.5979166666666667 0.2625 0.37083333333333335
4 0.6265625 0.6625 0.134375 0.20833333333333334
4 0.7375 0.5333333333333333 0.15625 0.13333333333333333
4 0.9234375 0.5375 0.146875 0.15833333333333333
4 0.8453125 0.7270833333333333 0.30312500000000003 0.2791666666666667
4 0.18125000000000002 0.75625 0.11875000000000001 0.12916666666666665
4 0.27968750000000003 0.7625 0.12812500000000002 0.175
4 0.565625 0.8916666666666666 0.36250000000000004 0.20833333333333334
