4 0.49843750000000003 0.5093896713615024 0.9968750000000001 0.1643192488262911
4 0.49843750000000003 0.619718309859155 0.9968750000000001 0.09389671361502347
4 0.25625000000000003 0.7065727699530516 0.5125000000000001 0.07042253521126761
4 0.8015625000000001 0.676056338028169 0.390625 0.06572769953051644
4 0.21406250000000002 0.8051643192488263 0.42812500000000003 0.0892018779342723
4 0.584375 0.7793427230046949 0.1875 0.046948356807511735
4 0.7671875 0.7605633802816901 0.134375 0.046948356807511735
4 0.9171875 0.7347417840375587 0.15937500000000002 0.051643192488262914
4 0.15000000000000002 0.9342723004694836 0.30000000000000004 0.12206572769953052
4 0.47500000000000003 0.9225352112676056 0.33125000000000004 0.14553990610328638
4 0.8265625000000001 0.8732394366197184 0.340625 0.07511737089201878
4 0.9484375 0.8145539906103286 0.021875000000000002 0.03286384976525822
