4 0.23593750000000002 0.6376146788990826 0.109375 0.1651376146788991
4 0.453125 0.6055045871559633 0.10625000000000001 0.1743119266055046
4 0.7671875 0.5963302752293578 0.12187500000000001 0.11926605504587157
4 0.029687500000000002 0.40137614678899086 0.053125000000000006 0.0779816513761468
4 0.08750000000000001 0.35091743119266056 0.08125 0.0779816513761468
4 0.028125 0.24770642201834864 0.05 0.05504587155963303
4 0.0890625 0.2545871559633028 0.059375000000000004 0.06880733944954129
4 0.1546875 0.3096330275229358 0.059375000000000004 0.06880733944954129
4 0.17500000000000002 0.2522935779816514 0.043750000000000004 0.06422018348623854
4 0.28125 0.27522935779816515 0.06875 0.10091743119266056
4 0.078125 0.5458715596330276 0.10625000000000001 0.11009174311926606
4 0.2515625 0.4426605504587156 0.15937500000000002 0.12385321100917432
4 0.53125 0.37844036697247707 0.125 0.0963302752293578
4 0.6796875 0.38990825688073394 0.10312500000000001 0.11926605504587157
4 0.7953125000000001 0.42660550458715596 0.12812500000000002 0.11009174311926606
4 0.9140625 0.4426605504587156 0.078125 0.10550458715596331
4 0.9343750000000001 0.2958715596330275 0.125 0.16055045871559634
4 0.371875 0.19724770642201836 0.09375 0.08256880733944955
4 0.45937500000000003 0.12385321100917432 0.0625 0.14678899082568808
4 0.5390625 0.21788990825688076 0.07187500000000001 0.14220183486238533
4 0.5625 0.11009174311926606 0.08125 0.09174311926605505
4 0.6218750000000001 0.1926605504587156 0.08750000000000001 0.10091743119266056
4 0.675 0.2591743119266055 0.05 0.0871559633027523
4 0.7671875 0.13761467889908258 0.22187500000000002 0.24770642201834864
4 0.0203125 0.02522935779816514 0.040625 0.05045871559633028
4 0.0484375 0.06192660550458716 0.046875 0.05963302752293578
4 0.1484375 0.10091743119266056 0.059375000000000004 0.05504587155963303
