4 0.138 0.16816816816816815 0.276 0.3363363363363363
4 0.441 0.09009009009009009 0.362 0.18018018018018017
4 0.796 0.25075075075075076 0.404 0.3213213213213213
4 0.809 0.07357357357357357 0.378 0.14714714714714713
4 0.425 0.26726726726726724 0.362 0.26426426426426425
4 0.171 0.43243243243243246 0.234 0.25225225225225223
4 0.123 0.6351351351351351 0.23800000000000002 0.23123123123123124
4 0.252 0.7432432432432432 0.228 0.26126126126126126
4 0.501 0.8108108108108109 0.11 0.18618618618618618
4 0.52 0.6696696696696697 0.10400000000000001 0.13813813813813813
4 0.40700000000000003 0.4954954954954955 0.226 0.3363363363363363
4 0.602 0.524024024024024 0.164 0.2552552552552553
4 0.675 0.6471471471471472 0.146 0.19519519519519518
4 0.872 0.4159159159159159 0.092 0.14714714714714713
4 0.9500000000000001 0.48648648648648646 0.096 0.14414414414414414
4 0.782 0.5075075075075075 0.212 0.1981981981981982
4 0.86 0.6066066066066066 0.176 0.1981981981981982
