4 0.32296650717703346 0.6520833333333333 0.45454545454545453 0.3958333333333333
4 0.07177033492822966 0.54375 0.14354066985645933 0.22916666666666666
4 0.16028708133971292 0.3229166666666667 0.09090909090909091 0.09583333333333333
4 0.47368421052631576 0.3520833333333333 0.11483253588516745 0.09583333333333333
4 0.36363636363636365 0.20625 0.08612440191387559 0.0875
4 0.8444976076555024 0.325 0.11004784688995214 0.09166666666666666
4 0.8947368421052632 0.175 0.12440191387559808 0.08333333333333333
4 0.6746411483253588 0.3875 0.08612440191387559 0.09166666666666666
4 0.5478468899521531 0.23124999999999998 0.07177033492822966 0.07916666666666666
4 0.6052631578947368 0.18333333333333332 0.07177033492822966 0.08333333333333333
4 0.6555023923444976 0.2583333333333333 0.08612440191387559 0.09166666666666666
4 0.09330143540669857 0.20625 0.18660287081339713 0.1125
