1 0.082 0.8738738738738738 0.14400000000000002 0.0960960960960961
1 0.171 0.6876876876876877 0.10200000000000001 0.12012012012012012
1 0.17500000000000002 0.8378378378378378 0.098 0.0960960960960961
1 0.216 0.7672672672672672 0.108 0.08708708708708708
1 0.40700000000000003 0.8213213213213213 0.154 0.12912912912912913
1 0.584 0.6441441441441441 0.156 0.12312312312312312
1 0.771 0.7612612612612613 0.146 0.13513513513513514
1 0.771 0.46396396396396394 0.214 0.17117117117117117
1 0.757 0.6021021021021021 0.134 0.13513513513513514
1 0.884 0.5975975975975976 0.14 0.12612612612612611
1 0.392 0.524024024024024 0.136 0.17717717717717718
1 0.274 0.6816816816816816 0.128 0.11411411411411411
1 0.313 0.5840840840840841 0.11800000000000001 0.1111111111111111
1 0.47600000000000003 0.5225225225225225 0.128 0.10810810810810811
1 0.553 0.5840840840840841 0.11 0.08108108108108109
