4 0.046 0.8108108108108109 0.064 0.16216216216216217
4 0.158 0.7102102102102102 0.028 0.04504504504504504
4 0.18 0.7282282282282282 0.028 0.05105105105105105
4 0.201 0.6906906906906907 0.022 0.04204204204204204
4 0.183 0.8138138138138138 0.038 0.07807807807807808
4 0.228 0.8168168168168168 0.052000000000000005 0.09009009009009009
4 0.269 0.7372372372372372 0.038 0.06306306306306306
4 0.314 0.7492492492492493 0.032 0.05105105105105105
4 0.39 0.9219219219219219 0.052000000000000005 0.0960960960960961
4 0.303 0.6621621621621622 0.078 0.07507507507507508
4 0.679 0.8513513513513513 0.07 0.09309309309309309
4 0.771 0.9144144144144144 0.058 0.08108108108108109
4 0.795 0.7942942942942943 0.05 0.06306306306306306
4 0.911 0.8318318318318318 0.046 0.06606606606606606
4 0.904 0.7387387387387387 0.036000000000000004 0.06006006006006006
4 0.9470000000000001 0.7927927927927928 0.034 0.05405405405405406
4 0.501 0.6276276276276276 0.226 0.09009009009009009
4 0.385 0.7117117117117117 0.034 0.04804804804804805
4 0.5680000000000001 0.6876876876876877 0.024 0.04204204204204204
4 0.655 0.6531531531531531 0.026000000000000002 0.04504504504504504
4 0.7020000000000001 0.6576576576576576 0.024 0.036036036036036036
4 0.752 0.7297297297297297 0.028 0.04804804804804805
4 0.788 0.6726726726726726 0.024 0.04204204204204204
4 0.078 0.9714714714714715 0.052000000000000005 0.05105105105105105
