4 0.048 0.5495495495495496 0.068 0.15615615615615616
4 0.11800000000000001 0.6921921921921922 0.084 0.14714714714714713
4 0.039 0.8558558558558559 0.078 0.21021021021021022
4 0.253 0.6831831831831832 0.054 0.08708708708708708
4 0.325 0.6426426426426426 0.054 0.09009009009009009
4 0.406 0.6576576576576576 0.116 0.25825825825825827
4 0.354 0.5135135135135135 0.044 0.08408408408408408
4 0.228 0.9324324324324325 0.056 0.11711711711711711
4 0.508 0.6246246246246246 0.064 0.11411411411411411
4 0.508 0.7687687687687688 0.064 0.1021021021021021
4 0.508 0.8723723723723724 0.068 0.13513513513513514
4 0.596 0.8408408408408409 0.124 0.13813813813813813
4 0.615 0.6426426426426426 0.046 0.09009009009009009
4 0.741 0.6306306306306306 0.078 0.12612612612612611
4 0.6960000000000001 0.7327327327327328 0.092 0.12612612612612611
4 0.75 0.8678678678678678 0.084 0.1921921921921922
4 0.8250000000000001 0.8618618618618619 0.09 0.12012012012012012
4 0.897 0.5840840840840841 0.098 0.12312312312312312
4 0.9580000000000001 0.524024024024024 0.032 0.07507507507507508
4 0.9470000000000001 0.7672672672672672 0.10200000000000001 0.1111111111111111
