4 0.038 0.5348837209302326 0.076 0.27906976744186046
4 0.14100000000000001 0.5398671096345515 0.15 0.24916943521594684
4 0.267 0.49335548172757476 0.134 0.2558139534883721
4 0.405 0.473421926910299 0.146 0.26245847176079734
4 0.583 0.5199335548172758 0.266 0.19601328903654486
4 0.634 0.4335548172757475 0.14400000000000002 0.09634551495016612
4 0.776 0.4850498338870432 0.136 0.21926910299003322
4 0.917 0.5033222591362126 0.154 0.3023255813953488
4 0.967 0.6627906976744187 0.062 0.09634551495016612
4 0.097 0.3604651162790698 0.194 0.18272425249169436
4 0.274 0.3289036544850498 0.168 0.10631229235880399
4 0.442 0.32059800664451826 0.176 0.12292358803986711
4 0.631 0.3504983388704319 0.234 0.12956810631229237
4 0.874 0.33056478405315615 0.248 0.16279069767441862
