4 0.5203125000000001 0.6150234741784038 0.109375 0.09389671361502347
4 0.7328125000000001 0.6525821596244131 0.040625 0.07511737089201878
4 0.9609375 0.7676056338028169 0.07187500000000001 0.13615023474178403
4 0.9765625 0.6807511737089202 0.040625 0.07511737089201878
4 0.8250000000000001 0.7582159624413146 0.09375 0.22065727699530516
4 0.7578125 0.7769953051643192 0.065625 0.13615023474178403
4 0.8515625 0.9178403755868545 0.15937500000000002 0.15492957746478875
4 0.1421875 0.9107981220657277 0.146875 0.16901408450704225
4 0.140625 0.7042253521126761 0.28125 0.3004694835680751
4 0.38593750000000004 0.636150234741784 0.22187500000000002 0.20187793427230047
4 0.38593750000000004 0.823943661971831 0.184375 0.15492957746478875
4 0.6109375 0.7676056338028169 0.19687500000000002 0.27699530516431925
