4 0.8546875 0.7791666666666667 0.12187500000000001 0.15
4 0.765625 0.7354166666666666 0.08750000000000001 0.1375
4 0.6468750000000001 0.9249999999999999 0.06875 0.10833333333333334
4 0.571875 0.8375 0.05 0.075
4 0.3828125 0.9291666666666667 0.07187500000000001 0.09166666666666666
4 0.1953125 0.8666666666666667 0.059375000000000004 0.10833333333333334
4 0.14375000000000002 0.8270833333333333 0.05 0.07916666666666666
4 0.0765625 0.75 0.040625 0.06666666666666667
4 0.0328125 0.7541666666666667 0.034375 0.06666666666666667
4 0.0890625 0.6708333333333333 0.09062500000000001 0.09166666666666666
4 0.47968750000000004 0.5625 0.296875 0.15833333333333333
4 0.2390625 0.6145833333333334 0.19687500000000002 0.2125
4 0.421875 0.6604166666666667 0.08125 0.07916666666666666
4 0.3828125 0.8083333333333333 0.053125000000000006 0.075
4 0.5484375 0.6479166666666667 0.040625 0.0625
4 0.5546875 0.7354166666666666 0.053125000000000006 0.12083333333333333
4 0.7359375 0.63125 0.040625 0.05416666666666667
4 0.7109375 0.6854166666666667 0.034375 0.0625
4 0.6312500000000001 0.65625 0.025 0.05416666666666667
4 0.42812500000000003 0.73125 0.043750000000000004 0.07916666666666666
4 0.6984375 0.5833333333333334 0.028125 0.05
