0 0.12187500000000001 0.3333333333333333 0.20625000000000002 0.1
0 0.184375 0.5916666666666667 0.33125000000000004 0.44166666666666665
0 0.4375 0.33541666666666664 0.275 0.1375
0 0.47968750000000004 0.4895833333333333 0.371875 0.2375
0 0.59375 0.6291666666666667 0.46875 0.5083333333333333
0 0.6625000000000001 0.33125 0.24375000000000002 0.1625
0 0.8234375 0.47291666666666665 0.15937500000000002 0.20416666666666666
0 0.890625 0.54375 0.17500000000000002 0.4375
0 0.7203125 0.8875 0.115625 0.10833333333333334
0 0.47500000000000003 0.90625 0.13125 0.10416666666666667
0 0.36562500000000003 0.9208333333333333 0.13125 0.08333333333333333
