4 0.045 0.5800604229607251 0.09 0.3202416918429003
4 0.077 0.8413897280966768 0.15 0.311178247734139
4 0.179 0.7386706948640483 0.158 0.2326283987915408
4 0.224 0.6450151057401813 0.136 0.2688821752265861
4 0.342 0.8867069486404834 0.12 0.22054380664652568
4 0.47200000000000003 0.7809667673716012 0.124 0.17220543806646527
4 0.507 0.6691842900302115 0.138 0.311178247734139
4 0.489 0.9290030211480362 0.15 0.13595166163141995
4 0.6990000000000001 0.8353474320241692 0.218 0.32326283987915405
4 0.8280000000000001 0.6903323262839879 0.216 0.43202416918429004
4 0.914 0.8580060422960725 0.168 0.27794561933534745
4 0.921 0.4229607250755287 0.154 0.4229607250755287
