0 0.097 0.7252252252252253 0.05 0.03903903903903904
0 0.135 0.7672672672672672 0.078 0.09309309309309309
0 0.245 0.8423423423423423 0.062 0.06306306306306306
0 0.321 0.8738738738738738 0.046 0.04204204204204204
0 0.255 0.6261261261261262 0.046 0.057057057057057055
0 0.048 0.5255255255255256 0.096 0.05405405405405406
0 0.056 0.575075075075075 0.052000000000000005 0.04504504504504504
0 0.07200000000000001 0.6126126126126126 0.064 0.04804804804804805
0 0.112 0.5735735735735735 0.052000000000000005 0.05405405405405406
0 0.20700000000000002 0.5525525525525525 0.042 0.06006006006006006
0 0.18 0.39789789789789787 0.048 0.05105105105105105
0 0.215 0.4219219219219219 0.046 0.03903903903903904
0 0.392 0.46096096096096095 0.088 0.1111111111111111
0 0.314 0.42792792792792794 0.044 0.05105105105105105
0 0.498 0.515015015015015 0.048 0.03903903903903904
0 0.446 0.5645645645645646 0.068 0.07207207207207207
0 0.343 0.6006006006006006 0.07 0.06006006006006006
0 0.342 0.6696696696696697 0.108 0.06606606606606606
0 0.127 0.6501501501501501 0.046 0.02702702702702703
0 0.133 0.6876876876876877 0.042 0.03003003003003003
0 0.202 0.6726726726726726 0.028 0.03003003003003003
0 0.45 0.8483483483483484 0.036000000000000004 0.03903903903903904
0 0.5710000000000001 0.8198198198198198 0.074 0.06606606606606606
0 0.725 0.8738738738738738 0.094 0.07207207207207207
0 0.586 0.9669669669669669 0.076 0.06006006006006006
0 0.8160000000000001 0.6951951951951952 0.064 0.057057057057057055
0 0.758 0.6246246246246246 0.064 0.04804804804804805
0 0.735 0.56006006006006 0.042 0.05105105105105105
0 0.552 0.4744744744744745 0.044 0.06006006006006006
0 0.603 0.524024024024024 0.038 0.05105105105105105
0 0.631 0.40540540540540543 0.046 0.04204204204204204
0 0.706 0.4009009009009009 0.052000000000000005 0.05105105105105105
0 0.685 0.46096096096096095 0.07 0.08708708708708708
0 0.754 0.4099099099099099 0.052000000000000005 0.03903903903903904
0 0.785 0.3993993993993994 0.042 0.036036036036036036
0 0.858 0.4444444444444444 0.06 0.07807807807807808
0 0.906 0.487987987987988 0.056 0.05105105105105105
0 0.77 0.5330330330330331 0.048 0.03903903903903904
0 0.8200000000000001 0.5045045045045045 0.044 0.036036036036036036
0 0.972 0.35735735735735735 0.052000000000000005 0.04204204204204204
0 0.877 0.36786786786786785 0.062 0.06906906906906907
0 0.916 0.4114114114114114 0.044 0.04804804804804805
0 0.753 0.3123123123123123 0.038 0.04204204204204204
0 0.513 0.3933933933933934 0.05 0.06006006006006006
0 0.401 0.34684684684684686 0.154 0.1111111111111111
0 0.504 0.3123123123123123 0.048 0.04204204204204204
0 0.225 0.3258258258258258 0.15 0.13513513513513514
0 0.07100000000000001 0.3588588588588589 0.14200000000000002 0.2732732732732733
0 0.17500000000000002 0.4894894894894895 0.082 0.06606606606606606
0 0.799 0.3708708708708709 0.054 0.04504504504504504
0 0.593 0.45345345345345345 0.05 0.04804804804804805
