0 0.093 0.7175226586102719 0.106 0.10574018126888217
0 0.059000000000000004 0.7930513595166163 0.114 0.08157099697885196
0 0.057 0.9214501510574018 0.114 0.14501510574018128
0 0.134 0.9274924471299094 0.088 0.060422960725075525
0 0.17200000000000001 0.8882175226586103 0.1 0.060422960725075525
0 0.17500000000000002 0.9818731117824774 0.082 0.030211480362537763
0 0.03 0.6465256797583081 0.06 0.13293051359516617
0 0.08 0.44561933534743203 0.108 0.14803625377643503
0 0.089 0.34894259818731116 0.122 0.08761329305135952
0 0.049 0.5347432024169184 0.078 0.08459214501510574
0 0.122 0.5921450151057401 0.14400000000000002 0.09063444108761329
0 0.167 0.5166163141993958 0.11 0.06646525679758308
0 0.14400000000000002 0.8081570996978852 0.1 0.08761329305135952
0 0.28500000000000003 0.8006042296072508 0.17 0.06646525679758308
0 0.28800000000000003 0.8580060422960725 0.22 0.054380664652567974
0 0.309 0.9108761329305136 0.17400000000000002 0.0755287009063444
0 0.457 0.9259818731117825 0.13 0.1419939577039275
0 0.5700000000000001 0.8595166163141994 0.14400000000000002 0.08157099697885196
0 0.615 0.9531722054380665 0.094 0.0634441087613293
0 0.47600000000000003 0.797583081570997 0.156 0.07854984894259819
0 0.653 0.783987915407855 0.11 0.0755287009063444
0 0.643 0.676737160120846 0.09 0.15709969788519637
0 0.622 0.5755287009063444 0.10400000000000001 0.08157099697885196
0 0.548 0.6812688821752266 0.12 0.08761329305135952
0 0.289 0.7039274924471299 0.198 0.09667673716012085
0 0.34400000000000003 0.5045317220543807 0.124 0.04833836858006042
0 0.292 0.6042296072507553 0.152 0.1027190332326284
0 0.391 0.6359516616314199 0.11 0.045317220543806644
0 0.438 0.5649546827794562 0.176 0.06646525679758308
0 0.847 0.6419939577039275 0.302 0.1419939577039275
0 0.811 0.756797583081571 0.11800000000000001 0.09969788519637462
0 0.9550000000000001 0.7809667673716012 0.082 0.05740181268882175
0 0.774 0.9486404833836858 0.076 0.09063444108761329
0 0.882 0.9425981873111783 0.1 0.10876132930513595
0 0.9420000000000001 0.5075528700906344 0.092 0.054380664652567974
0 0.8280000000000001 0.5211480362537765 0.112 0.08761329305135952
0 0.851 0.4395770392749245 0.098 0.0755287009063444
0 0.76 0.29607250755287007 0.096 0.09063444108761329
0 0.677 0.2688821752265861 0.13 0.12084592145015105
0 0.543 0.28700906344410876 0.10200000000000001 0.06646525679758308
0 0.6 0.12537764350453173 0.20400000000000001 0.12386706948640483
0 0.405 0.08308157099697885 0.10200000000000001 0.09969788519637462
0 0.249 0.23413897280966767 0.15 0.09969788519637462
0 0.23 0.3187311178247734 0.148 0.09969788519637462
0 0.34800000000000003 0.35347432024169184 0.092 0.04833836858006042
0 0.489 0.3504531722054381 0.126 0.08459214501510574
0 0.403 0.2326283987915408 0.13 0.18731117824773413
0 0.34700000000000003 0.4788519637462236 0.23800000000000002 0.11178247734138973
0 0.521 0.48489425981873113 0.114 0.08761329305135952
0 0.587 0.4214501510574018 0.11 0.08761329305135952
0 0.652 0.46676737160120846 0.08 0.14803625377643503
0 0.6940000000000001 0.4093655589123867 0.08 0.0634441087613293
0 0.75 0.41389728096676737 0.088 0.054380664652567974
