0 0.096875 0.10208333333333333 0.19375 0.20416666666666666
0 0.5296875 0.275 0.31562500000000004 0.30833333333333335
0 0.184375 0.6625 0.36875 0.5
0 0.13593750000000002 0.29375 0.265625 0.20416666666666666
0 0.2234375 0.23124999999999998 0.203125 0.2125
0 0.45 0.5166666666666666 0.33125000000000004 0.45
0 0.24375000000000002 0.4270833333333333 0.15000000000000002 0.1625
0 0.634375 0.4395833333333333 0.15625 0.24583333333333332
0 0.7046875 0.7520833333333333 0.140625 0.25416666666666665
0 0.7796875000000001 0.8666666666666667 0.209375 0.2583333333333333
0 0.5296875 0.8708333333333333 0.053125000000000006 0.058333333333333334
