0 0.5786163522012578 0.18958333333333333 0.5786163522012578 0.17916666666666667
0 0.2861635220125786 0.31666666666666665 0.2830188679245283 0.075
0 0.5188679245283019 0.30416666666666664 0.22012578616352202 0.075
0 0.8553459119496856 0.34791666666666665 0.15094339622641512 0.1125
0 0.9591194968553459 0.39166666666666666 0.06918238993710692 0.058333333333333334
0 0.9308176100628931 0.4895833333333333 0.11320754716981132 0.0625
0 0.9654088050314465 0.58125 0.05660377358490566 0.0625
0 0.9654088050314465 0.7875 0.05660377358490566 0.05
0 0.7358490566037736 0.8791666666666667 0.07547169811320756 0.05
0 0.33018867924528306 0.9 0.09433962264150944 0.041666666666666664
0 0.4056603773584906 0.45416666666666666 0.4088050314465409 0.16666666666666666
0 0.628930817610063 0.5083333333333333 0.11320754716981132 0.058333333333333334
0 0.5911949685534591 0.5625 0.07547169811320756 0.058333333333333334
0 0.2830188679245283 0.5541666666666667 0.06289308176100629 0.025
0 0.6666666666666667 0.5833333333333334 0.050314465408805034 0.03333333333333333
0 0.16352201257861637 0.24791666666666667 0.10062893081761007 0.05416666666666667
