4 0.225 0.7291666666666666 0.06875 0.1
4 0.6515625 0.6479166666666667 0.065625 0.07916666666666666
4 0.4765625 0.5625 0.140625 0.125
4 0.340625 0.54375 0.1 0.12916666666666665
4 0.1953125 0.5416666666666666 0.096875 0.06666666666666667
4 0.043750000000000004 0.48333333333333334 0.08750000000000001 0.15833333333333333
4 0.12812500000000002 0.46041666666666664 0.11875000000000001 0.1375
4 0.246875 0.43333333333333335 0.1875 0.13333333333333333
4 0.253125 0.36666666666666664 0.1125 0.08333333333333333
4 0.40625 0.4145833333333333 0.15000000000000002 0.15416666666666667
4 0.5750000000000001 0.42083333333333334 0.1875 0.14166666666666666
4 0.6375000000000001 0.51875 0.10625000000000001 0.12083333333333333
4 0.821875 0.4666666666666667 0.35000000000000003 0.24166666666666667
