3 0.49843750000000003 0.28125 0.9968750000000001 0.3458333333333333
3 0.38593750000000004 0.34375 0.10312500000000001 0.15416666666666667
3 0.1484375 0.4895833333333333 0.12187500000000001 0.1625
3 0.2234375 0.7395833333333334 0.290625 0.3625
3 0.2859375 0.5395833333333333 0.153125 0.1875
3 0.4578125 0.525 0.10312500000000001 0.19166666666666665
3 0.5453125 0.45625 0.15937500000000002 0.2708333333333333
3 0.665625 0.4666666666666667 0.07500000000000001 0.10833333333333334
3 0.7265625 0.625 0.12187500000000001 0.19166666666666665
3 0.84375 0.5958333333333333 0.09375 0.125
3 0.5359375000000001 0.85 0.109375 0.11666666666666667
