0 0.5740000000000001 0.41566265060240964 0.444 0.3795180722891566
0 0.269 0.04668674698795181 0.122 0.09337349397590362
0 0.097 0.19879518072289157 0.194 0.39759036144578314
0 0.28600000000000003 0.29668674698795183 0.168 0.12349397590361447
0 0.047 0.45030120481927716 0.094 0.11144578313253013
0 0.045 0.6626506024096386 0.09 0.3433734939759036
0 0.13 0.8704819277108434 0.12 0.10240963855421688
0 0.219 0.7560240963855422 0.15 0.12650602409638556
0 0.29 0.5481927710843374 0.292 0.1746987951807229
0 0.35100000000000003 0.4096385542168675 0.166 0.1746987951807229
0 0.383 0.7981927710843374 0.23800000000000002 0.26506024096385544
0 0.763 0.746987951807229 0.20600000000000002 0.29518072289156627
0 0.704 0.875 0.224 0.24397590361445784
0 0.772 0.3569277108433735 0.256 0.13554216867469882
0 0.912 0.30271084337349397 0.17200000000000001 0.32228915662650603
0 0.934 0.5286144578313253 0.124 0.20180722891566266
0 0.8270000000000001 0.4954819277108434 0.138 0.18373493975903615
0 0.9440000000000001 0.7364457831325302 0.108 0.177710843373494
