0 0.13793103448275862 0.15208333333333332 0.27586206896551724 0.30416666666666664
0 0.1875 0.39375 0.34051724137931033 0.1875
0 0.5301724137931034 0.39166666666666666 0.33620689655172414 0.2833333333333333
0 0.7952586206896551 0.26458333333333334 0.40086206896551724 0.3625
0 0.8297413793103449 0.4666666666666667 0.3318965517241379 0.175
0 0.6637931034482758 0.5291666666666667 0.3275862068965517 0.125
0 0.4418103448275862 0.7104166666666667 0.21982758620689655 0.09583333333333333
0 0.7327586206896551 0.6583333333333333 0.43103448275862066 0.20833333333333334
0 0.6681034482758621 0.7833333333333333 0.1810344827586207 0.075
0 0.4956896551724138 0.8729166666666667 0.3189655172413793 0.20416666666666666
0 0.8512931034482758 0.9395833333333333 0.28879310344827586 0.1125
0 0.8987068965517241 0.8541666666666666 0.1939655172413793 0.06666666666666667
0 0.9568965517241379 0.7895833333333333 0.07758620689655173 0.12083333333333333
0 0.10344827586206896 0.60625 0.20689655172413793 0.1875
0 0.11853448275862069 0.7520833333333333 0.15086206896551724 0.1125
0 0.21982758620689655 0.9020833333333333 0.3620689655172414 0.1875
0 0.3577586206896552 0.7708333333333334 0.23275862068965517 0.1
