0 0.1921875 0.6554621848739496 0.384375 0.4369747899159664
0 0.6828125 0.703781512605042 0.484375 0.5840336134453781
0 0.453125 0.17436974789915966 0.35000000000000003 0.3487394957983193
0 0.86875 0.569327731092437 0.25625000000000003 0.3907563025210084
0 0.2578125 0.14705882352941177 0.065625 0.08403361344537814
0 0.259375 0.025210084033613446 0.21875 0.05042016806722689
0 0.675 0.10294117647058823 0.25625000000000003 0.20588235294117646
0 0.8562500000000001 0.2415966386554622 0.28125 0.24789915966386553
0 0.8765625 0.0819327731092437 0.240625 0.1638655462184874
0 0.5765625 0.12184873949579832 0.209375 0.14285714285714285
0 0.7046875 0.3361344537815126 0.171875 0.09243697478991596
0 0.6359375 0.22478991596638653 0.153125 0.09663865546218486
0 0.0734375 0.04831932773109243 0.146875 0.09663865546218486
0 0.1125 0.1533613445378151 0.18125000000000002 0.09663865546218486
0 0.1390625 0.24789915966386553 0.16562500000000002 0.08403361344537814
0 0.05 0.23739495798319327 0.1 0.25630252100840334
