4 0.5265625 0.8479166666666667 0.084375 0.12083333333333333
4 0.3453125 0.7645833333333333 0.10312500000000001 0.14583333333333334
4 0.24375000000000002 0.94375 0.125 0.10416666666666667
4 0.6937500000000001 0.8145833333333333 0.08125 0.1125
4 0.7937500000000001 0.9 0.1 0.14166666666666666
4 0.9593750000000001 0.8312499999999999 0.07500000000000001 0.10416666666666667
4 0.8296875 0.7854166666666667 0.09062500000000001 0.10416666666666667
4 0.026562500000000003 0.7479166666666667 0.053125000000000006 0.12083333333333333
4 0.09062500000000001 0.74375 0.1 0.1375
4 0.2 0.675 0.09375 0.11666666666666667
4 0.7421875 0.7333333333333333 0.10312500000000001 0.1
4 0.8718750000000001 0.7 0.0625 0.09166666666666666
4 0.9296875 0.6770833333333334 0.046875 0.07916666666666666
4 0.828125 0.6166666666666667 0.0625 0.075
4 0.9453125 0.5979166666666667 0.040625 0.05416666666666667
4 0.6265625 0.625 0.096875 0.125
4 0.39687500000000003 0.5875 0.125 0.15
4 0.5125000000000001 0.5541666666666667 0.07500000000000001 0.13333333333333333
4 0.0484375 0.5104166666666666 0.053125000000000006 0.0625
4 0.1296875 0.53125 0.10312500000000001 0.1125
4 0.22187500000000002 0.5729166666666666 0.08750000000000001 0.09583333333333333
4 0.2984375 0.54375 0.059375000000000004 0.07916666666666666
4 0.6109375 0.4875 0.12187500000000001 0.09166666666666666
4 0.8343750000000001 0.4875 0.1625 0.175
4 0.2078125 0.4666666666666667 0.12812500000000002 0.13333333333333333
4 0.34218750000000003 0.4666666666666667 0.15937500000000002 0.13333333333333333
4 0.453125 0.4354166666666667 0.0625 0.15416666666666667
4 0.515625 0.45 0.06875 0.058333333333333334
4 0.6609375000000001 0.3729166666666667 0.19062500000000002 0.17083333333333334
4 0.878125 0.3645833333333333 0.23750000000000002 0.1375
4 0.9546875 0.45416666666666666 0.040625 0.09166666666666666
4 0.45937500000000003 0.32708333333333334 0.225 0.12083333333333333
4 0.45625000000000004 0.46041666666666664 0.0625 0.17916666666666667
4 0.16875 0.35 0.3375 0.175
