0 0.134375 0.14553990610328638 0.1 0.09389671361502347
0 0.0328125 0.2746478873239437 0.065625 0.051643192488262914
0 0.109375 0.23708920187793428 0.1125 0.051643192488262914
0 0.215625 0.107981220657277 0.08750000000000001 0.056338028169014086
0 0.3046875 0.06103286384976526 0.084375 0.046948356807511735
0 0.2703125 0.15258215962441316 0.059375000000000004 0.04225352112676056
0 0.19843750000000002 0.284037558685446 0.115625 0.09859154929577466
0 0.275 0.23004694835680753 0.08750000000000001 0.046948356807511735
0 0.403125 0.16666666666666666 0.1 0.07042253521126761
0 0.029687500000000002 0.43427230046948356 0.059375000000000004 0.07042253521126761
0 0.0890625 0.4460093896713615 0.07187500000000001 0.056338028169014086
0 0.0671875 0.5305164319248826 0.134375 0.09389671361502347
0 0.4 0.7746478873239436 0.07500000000000001 0.056338028169014086
0 0.2703125 0.7981220657276995 0.07187500000000001 0.056338028169014086
0 0.38906250000000003 0.6291079812206573 0.078125 0.046948356807511735
0 0.340625 0.2934272300469484 0.13125 0.0892018779342723
0 0.3203125 0.38497652582159625 0.15937500000000002 0.09389671361502347
0 0.48750000000000004 0.37089201877934275 0.1 0.13145539906103287
0 0.571875 0.17136150234741784 0.08125 0.06103286384976526
0 0.65 0.1971830985915493 0.07500000000000001 0.046948356807511735
0 0.6140625000000001 0.33568075117370894 0.078125 0.051643192488262914
0 0.6625000000000001 0.4671361502347418 0.06875 0.107981220657277
0 0.5234375 0.27699530516431925 0.084375 0.046948356807511735
0 0.059375000000000004 0.6384976525821596 0.05625 0.03755868544600939
0 0.184375 0.48826291079812206 0.05 0.03755868544600939
0 0.2546875 0.471830985915493 0.053125000000000006 0.04225352112676056
0 0.33125000000000004 0.539906103286385 0.0625 0.028169014084507043
0 0.4375 0.5539906103286385 0.0625 0.03755868544600939
0 0.6687500000000001 0.5610328638497653 0.05625 0.04225352112676056
