0 0.09375 0.4507042253521127 0.0625 0.03755868544600939
0 0.1203125 0.5375586854460094 0.059375000000000004 0.03286384976525822
0 0.1625 0.5023474178403756 0.043750000000000004 0.03755868544600939
0 0.19062500000000002 0.5375586854460094 0.0625 0.03286384976525822
0 0.15781250000000002 0.47417840375586856 0.053125000000000006 0.03755868544600939
0 0.2265625 0.5657276995305165 0.065625 0.051643192488262914
0 0.1875 0.38967136150234744 0.0625 0.046948356807511735
0 0.25 0.33568075117370894 0.0625 0.03286384976525822
0 0.2390625 0.3873239436619718 0.046875 0.04225352112676056
0 0.22031250000000002 0.43896713615023475 0.040625 0.023474178403755867
0 0.2265625 0.4694835680751174 0.034375 0.028169014084507043
0 0.2625 0.5046948356807511 0.05625 0.04225352112676056
0 0.2921875 0.4178403755868545 0.065625 0.06572769953051644
0 0.35625 0.42488262910798125 0.06875 0.07981220657276995
0 0.33906250000000004 0.5140845070422535 0.065625 0.06103286384976526
0 0.33906250000000004 0.5774647887323944 0.053125000000000006 0.03755868544600939
0 0.3765625 0.6126760563380281 0.046875 0.03286384976525822
0 0.32343750000000004 0.6596244131455399 0.059375000000000004 0.051643192488262914
0 0.3015625 0.7582159624413146 0.07187500000000001 0.04225352112676056
0 0.38125000000000003 0.7230046948356808 0.0625 0.03755868544600939
0 0.384375 0.7746478873239436 0.043750000000000004 0.046948356807511735
0 0.47187500000000004 0.6784037558685446 0.0625 0.051643192488262914
0 0.4265625 0.9014084507042254 0.059375000000000004 0.046948356807511735
0 0.47968750000000004 0.9248826291079812 0.065625 0.056338028169014086
0 0.46718750000000003 0.7488262910798122 0.07187500000000001 0.07042253521126761
0 0.53125 0.8333333333333334 0.0625 0.04225352112676056
0 0.553125 0.9061032863849765 0.05625 0.03755868544600939
0 0.5593750000000001 0.8732394366197184 0.05 0.056338028169014086
0 0.5750000000000001 0.6924882629107981 0.08125 0.07042253521126761
0 0.46406250000000004 0.5563380281690141 0.059375000000000004 0.04225352112676056
0 0.50625 0.5821596244131455 0.06875 0.03755868544600939
0 0.41250000000000003 0.2605633802816901 0.07500000000000001 0.06103286384976526
0 0.3875 0.29812206572769956 0.06875 0.04225352112676056
0 0.41875 0.3403755868544601 0.06875 0.051643192488262914
0 0.465625 0.36619718309859156 0.0625 0.03755868544600939
0 0.465625 0.4225352112676056 0.06875 0.046948356807511735
0 0.4546875 0.4765258215962441 0.059375000000000004 0.051643192488262914
0 0.534375 0.47887323943661975 0.06875 0.07511737089201878
0 0.553125 0.5375586854460094 0.05625 0.03286384976525822
0 0.5281250000000001 0.2887323943661972 0.05 0.04225352112676056
0 0.5703125 0.3098591549295775 0.078125 0.046948356807511735
0 0.5921875 0.2746478873239437 0.065625 0.04225352112676056
0 0.6781250000000001 0.2347417840375587 0.06875 0.056338028169014086
0 0.6328125 0.4131455399061033 0.07187500000000001 0.046948356807511735
0 0.6359375 0.49765258215962443 0.12187500000000001 0.06572769953051644
0 0.7312500000000001 0.3732394366197183 0.08125 0.051643192488262914
0 0.7484375000000001 0.46009389671361506 0.07187500000000001 0.08450704225352113
0 0.6609375000000001 0.7253521126760564 0.046875 0.051643192488262914
0 0.659375 0.6291079812206573 0.0625 0.09389671361502347
0 0.7375 0.647887323943662 0.0625 0.09389671361502347
0 0.7546875000000001 0.7887323943661972 0.065625 0.11267605633802817
0 0.7015625000000001 0.8826291079812206 0.065625 0.046948356807511735
0 0.7468750000000001 0.9107981220657277 0.08125 0.08450704225352113
0 0.6875 0.835680751173709 0.07500000000000001 0.056338028169014086
0 0.8453125 0.931924882629108 0.07187500000000001 0.07981220657276995
0 0.8625 0.7816901408450705 0.08125 0.0892018779342723
0 0.8375 0.5962441314553991 0.08125 0.056338028169014086
0 0.86875 0.31690140845070425 0.08750000000000001 0.0892018779342723
0 0.9281250000000001 0.39906103286384975 0.0625 0.08450704225352113
0 0.8203125 0.47887323943661975 0.059375000000000004 0.046948356807511735
0 0.884375 0.5070422535211268 0.07500000000000001 0.06572769953051644
0 0.9375 0.5046948356807511 0.0625 0.07042253521126761
0 0.9578125000000001 0.5915492957746479 0.07187500000000001 0.06572769953051644
0 0.9750000000000001 0.6948356807511737 0.043750000000000004 0.056338028169014086
0 0.9046875000000001 0.6572769953051644 0.096875 0.08450704225352113
