3 0.0921875 0.2995391705069124 0.184375 0.2672811059907834
3 0.37343750000000003 0.35253456221198154 0.053125000000000006 0.1336405529953917
3 0.5609375 0.4976958525345622 0.09062500000000001 0.11981566820276497
3 0.8625 0.4861751152073733 0.15625 0.1889400921658986
3 0.9375 0.1175115207373272 0.11875000000000001 0.17050691244239632
3 0.6421875 0.315668202764977 0.115625 0.10599078341013825
3 0.6640625 0.15668202764976957 0.078125 0.11981566820276497
3 0.47500000000000003 0.4792626728110599 0.08125 0.10138248847926268
3 0.22812500000000002 0.6889400921658986 0.125 0.14285714285714285
3 0.7156250000000001 0.5345622119815668 0.08750000000000001 0.12903225806451613
