1 0.44375000000000003 0.7104166666666667 0.16875 0.19583333333333333
1 0.5296875 0.45625 0.19062500000000002 0.19583333333333333
1 0.9421875000000001 0.4979166666666667 0.084375 0.0875
1 0.7703125000000001 0.6083333333333333 0.065625 0.06666666666666667
1 0.42500000000000004 0.61875 0.07500000000000001 0.07916666666666666
1 0.515625 0.64375 0.08125 0.09583333333333333
1 0.9109375000000001 0.34375 0.109375 0.12083333333333333
1 0.4234375 0.47291666666666665 0.09062500000000001 0.1125
1 0.9750000000000001 0.35 0.043750000000000004 0.11666666666666667
1 0.9500000000000001 0.4145833333333333 0.06875 0.07083333333333333
1 0.6468750000000001 0.2708333333333333 0.09375 0.09166666666666666
1 0.6062500000000001 0.34375 0.08750000000000001 0.0875
1 0.9 0.15416666666666667 0.19375 0.24166666666666667
1 0.7265625 0.16041666666666665 0.153125 0.2375
1 0.5203125000000001 0.058333333333333334 0.09062500000000001 0.075
1 0.5328125 0.20625 0.140625 0.19583333333333333
1 0.359375 0.12083333333333333 0.05 0.05
1 0.415625 0.24791666666666667 0.09375 0.10416666666666667
1 0.4421875 0.17083333333333334 0.040625 0.058333333333333334
1 0.1640625 0.15 0.059375000000000004 0.06666666666666667
1 0.27187500000000003 0.3208333333333333 0.19375 0.23333333333333334
1 0.15000000000000002 0.4708333333333333 0.29375 0.15
