1 0.50625 0.15416666666666667 0.225 0.15
1 0.7484375000000001 0.21875 0.184375 0.15416666666666667
1 0.9078125 0.35 0.178125 0.26666666666666666
1 0.134375 0.10416666666666667 0.08125 0.18333333333333332
1 0.3125 0.20625 0.10625000000000001 0.10416666666666667
1 0.45625000000000004 0.2791666666666667 0.19375 0.10833333333333334
1 0.6359375 0.32916666666666666 0.171875 0.15833333333333333
1 0.5203125000000001 0.38958333333333334 0.07187500000000001 0.07083333333333333
1 0.2921875 0.36041666666666666 0.096875 0.0875
1 0.046875 0.275 0.09375 0.18333333333333332
1 0.11093750000000001 0.42291666666666666 0.059375000000000004 0.04583333333333333
1 0.13125 0.6020833333333333 0.2625 0.2708333333333333
1 0.3484375 0.47291666666666665 0.140625 0.09583333333333333
1 0.41250000000000003 0.6520833333333333 0.1125 0.0875
1 0.6359375 0.4770833333333333 0.36562500000000003 0.2125
1 0.9109375000000001 0.6125 0.171875 0.24166666666666667
1 0.6468750000000001 0.6604166666666667 0.3375 0.15416666666666667
1 0.31093750000000003 0.7145833333333333 0.084375 0.12916666666666665
1 0.021875000000000002 0.80625 0.043750000000000004 0.07083333333333333
1 0.41250000000000003 0.5666666666666667 0.11875000000000001 0.08333333333333333
