3 0.26869158878504673 0.12291666666666666 0.07009345794392523 0.0625
3 0.3434579439252336 0.08125 0.08878504672897196 0.07083333333333333
3 0.514018691588785 0.11041666666666666 0.09345794392523364 0.07916666666666666
3 0.6144859813084111 0.14791666666666667 0.0794392523364486 0.0875
3 0.38317757009345793 0.3541666666666667 0.11214953271028036 0.10833333333333334
3 0.22663551401869156 0.41041666666666665 0.0794392523364486 0.07916666666666666
3 0.5934579439252337 0.3854166666666667 0.102803738317757 0.09583333333333333
3 0.6682242990654205 0.45 0.09345794392523364 0.09166666666666666
3 0.8855140186915887 0.70625 0.21962616822429906 0.22083333333333333
3 0.6074766355140186 0.24583333333333332 0.05607476635514018 0.09166666666666666
3 0.7009345794392523 0.31666666666666665 0.1308411214953271 0.11666666666666667
3 0.43224299065420557 0.71875 0.16355140186915887 0.12916666666666665
