2 0.56 0.7732732732732732 0.088 0.07507507507507508
2 0.602 0.7117117117117117 0.096 0.08408408408408408
2 0.633 0.6606606606606606 0.094 0.07207207207207207
2 0.67 0.6186186186186187 0.088 0.06006006006006006
2 0.711 0.5465465465465466 0.10200000000000001 0.09009009009009009
2 0.8320000000000001 0.8708708708708709 0.332 0.07807807807807808
2 0.8320000000000001 0.8093093093093093 0.332 0.08708708708708708
2 0.844 0.7432432432432432 0.308 0.06906906906906907
2 0.859 0.6861861861861862 0.278 0.06306306306306306
2 0.872 0.6336336336336337 0.252 0.06606606606606606
2 0.843 0.566066066066066 0.13 0.07507507507507508
2 0.616 0.5570570570570571 0.052000000000000005 0.0990990990990991
2 0.396 0.7612612612612613 0.076 0.1111111111111111
2 0.4 0.6216216216216216 0.048 0.13813813813813813
2 0.374 0.7147147147147147 0.068 0.08408408408408408
2 0.9540000000000001 0.5 0.08 0.04504504504504504
