1 0.5444444444444445 0.6666666666666666 0.22222222222222224 0.15833333333333333
1 0.7111111111111111 0.7604166666666666 0.15555555555555556 0.10416666666666667
1 0.7083333333333334 0.88125 0.21666666666666667 0.17083333333333334
1 0.9222222222222223 0.9104166666666667 0.14444444444444446 0.17083333333333334
1 0.5527777777777778 0.95 0.2833333333333333 0.09166666666666666
1 0.8444444444444444 0.73125 0.14444444444444446 0.12916666666666665
1 0.2611111111111111 0.5166666666666666 0.16666666666666669 0.11666666666666667
1 0.05555555555555556 0.7291666666666666 0.11111111111111112 0.08333333333333333
1 0.31666666666666665 0.6145833333333334 0.13333333333333333 0.12083333333333333
1 0.37777777777777777 0.5020833333333333 0.13333333333333333 0.09583333333333333
1 0.45555555555555555 0.5395833333333333 0.12222222222222223 0.09583333333333333
1 0.5888888888888889 0.5625 0.2555555555555556 0.19166666666666665
1 0.8583333333333334 0.5229166666666667 0.16111111111111112 0.09583333333333333
1 0.8666666666666667 0.6145833333333334 0.12222222222222223 0.07083333333333333
1 0.49722222222222223 0.27291666666666664 0.9944444444444445 0.4375
