4 0.194 0.7412698412698413 0.092 0.1619047619047619
4 0.255 0.6047619047619047 0.106 0.16825396825396827
4 0.292 0.3492063492063492 0.12 0.15873015873015872
4 0.403 0.4031746031746032 0.122 0.19047619047619047
4 0.528 0.3904761904761905 0.132 0.17777777777777778
4 0.66 0.32222222222222224 0.168 0.16825396825396827
4 0.6970000000000001 0.45714285714285713 0.074 0.11428571428571428
4 0.456 0.573015873015873 0.076 0.14285714285714285
4 0.731 0.6015873015873016 0.082 0.15555555555555556
4 0.8180000000000001 0.6174603174603175 0.088 0.1492063492063492
4 0.733 0.6968253968253968 0.078 0.09841269841269841
