4 0.178 0.5698757763975155 0.1 0.15838509316770186
4 0.319 0.562111801242236 0.10200000000000001 0.14285714285714285
4 0.328 0.6894409937888198 0.096 0.12422360248447203
4 0.267 0.3152173913043478 0.106 0.14596273291925466
4 0.396 0.3633540372670807 0.156 0.18012422360248445
4 0.504 0.3571428571428571 0.088 0.13043478260869565
4 0.584 0.2888198757763975 0.1 0.17391304347826086
4 0.668 0.3027950310559006 0.096 0.14596273291925466
4 0.761 0.3027950310559006 0.094 0.16459627329192544
4 0.595 0.6071428571428571 0.114 0.15838509316770186
4 0.708 0.717391304347826 0.08 0.11801242236024843
4 0.8140000000000001 0.45341614906832295 0.08 0.13043478260869565
4 0.9 0.6304347826086956 0.108 0.17391304347826086
