2 0.25625000000000003 0.521186440677966 0.24375000000000002 0.3474576271186441
2 0.434375 0.8050847457627118 0.1875 0.2796610169491525
2 0.328125 0.2690677966101695 0.1875 0.2584745762711864
2 0.4734375 0.1694915254237288 0.278125 0.3389830508474576
2 0.6703125000000001 0.23940677966101695 0.178125 0.2754237288135593
2 0.8609375 0.1673728813559322 0.27187500000000003 0.3347457627118644
2 0.915625 0.8538135593220338 0.1625 0.2838983050847458
2 0.7703125000000001 0.5805084745762712 0.34687500000000004 0.4576271186440678
2 0.4765625 0.5042372881355932 0.253125 0.2627118644067797
2 0.16562500000000002 0.722457627118644 0.33125000000000004 0.3686440677966102
