4 0.61875 0.7272727272727273 0.06875 0.09090909090909091
4 0.75 0.6863636363636363 0.037500000000000006 0.09090909090909091
4 0.4140625 0.6704545454545454 0.07187500000000001 0.12272727272727273
4 0.265625 0.6272727272727272 0.037500000000000006 0.09090909090909091
4 0.32343750000000004 0.759090909090909 0.034375 0.07272727272727272
4 0.34687500000000004 0.65 0.03125 0.06363636363636363
4 0.134375 0.5704545454545454 0.03125 0.06818181818181818
4 0.0625 0.7022727272727273 0.03125 0.06818181818181818
4 0.1125 0.6863636363636363 0.025 0.05454545454545454
4 0.14375000000000002 0.6454545454545454 0.025 0.06363636363636363
4 0.1859375 0.6909090909090909 0.034375 0.07272727272727272
4 0.565625 0.6909090909090909 0.025 0.05454545454545454
4 0.6062500000000001 0.6045454545454545 0.14375000000000002 0.12727272727272726
4 0.7984375 0.6 0.15937500000000002 0.13636363636363635
4 0.45156250000000003 0.5863636363636363 0.140625 0.09090909090909091
4 0.4890625 0.5159090909090909 0.353125 0.09545454545454544
4 0.8125 0.509090909090909 0.30000000000000004 0.11818181818181818
4 0.0625 0.5727272727272728 0.05625 0.09999999999999999
4 0.2515625 0.5204545454545454 0.140625 0.07727272727272727
