0 0.848 0.5075301204819277 0.3 0.35240963855421686
0 0.878 0.28915662650602414 0.24 0.28915662650602414
0 0.524 0.15512048192771086 0.224 0.3102409638554217
0 0.10400000000000001 0.43373493975903615 0.20800000000000002 0.3313253012048193
0 0.2 0.14006024096385544 0.4 0.2801204819277109
0 0.28700000000000003 0.2545180722891566 0.25 0.213855421686747
0 0.33 0.4743975903614458 0.248 0.22590361445783133
0 0.591 0.480421686746988 0.198 0.3042168674698795
0 0.181 0.6159638554216867 0.194 0.213855421686747
0 0.366 0.7243975903614458 0.276 0.36445783132530124
0 0.674 0.7635542168674699 0.184 0.1897590361445783
0 0.559 0.855421686746988 0.202 0.21084337349397592
0 0.901 0.911144578313253 0.194 0.1716867469879518
0 0.127 0.9051204819277109 0.25 0.18373493975903615
0 0.731 0.9337349397590362 0.202 0.12650602409638556
