1 0.3953125 0.15208333333333332 0.234375 0.14583333333333334
1 0.051562500000000004 0.09375 0.07187500000000001 0.17916666666666667
1 0.060937500000000006 0.49374999999999997 0.12187500000000001 0.12916666666666665
1 0.246875 0.4666666666666667 0.16875 0.15
1 0.2265625 0.30625 0.109375 0.10416666666666667
1 0.353125 0.2833333333333333 0.19375 0.11666666666666667
1 0.6625000000000001 0.2895833333333333 0.19375 0.12083333333333333
1 0.44062500000000004 0.45625 0.07500000000000001 0.0875
1 0.5515625000000001 0.3770833333333333 0.184375 0.15416666666666667
1 0.8656250000000001 0.4083333333333333 0.2625 0.23333333333333334
1 0.05 0.74375 0.1 0.2125
1 0.246875 0.69375 0.28750000000000003 0.32916666666666666
1 0.5046875000000001 0.6729166666666666 0.215625 0.2875
1 0.609375 0.49583333333333335 0.25 0.08333333333333333
1 0.7140625 0.45 0.096875 0.09166666666666666
1 0.80625 0.65625 0.38125000000000003 0.22083333333333333
