4 0.421875 0.16981132075471697 0.25 0.33962264150943394
4 0.07500000000000001 0.13679245283018868 0.15000000000000002 0.25471698113207547
4 0.1234375 0.29245283018867924 0.12812500000000002 0.16981132075471697
4 0.07187500000000001 0.410377358490566 0.08125 0.11320754716981132
4 0.15781250000000002 0.3891509433962264 0.084375 0.13679245283018868
4 0.11093750000000001 0.5495283018867925 0.09062500000000001 0.10849056603773584
4 0.2015625 0.5377358490566038 0.078125 0.12264150943396226
4 0.225 0.4386792452830188 0.08750000000000001 0.11320754716981132
4 0.2765625 0.5165094339622641 0.065625 0.08962264150943396
4 0.3203125 0.5966981132075472 0.115625 0.1179245283018868
4 0.3328125 0.41273584905660377 0.12187500000000001 0.1650943396226415
4 0.4234375 0.410377358490566 0.053125000000000006 0.1320754716981132
4 0.521875 0.3938679245283019 0.1125 0.17452830188679244
4 0.78125 0.1981132075471698 0.3875 0.3962264150943396
4 0.8984375 0.4033018867924528 0.12187500000000001 0.14622641509433962
4 0.40468750000000003 0.6037735849056604 0.07187500000000001 0.21698113207547168
4 0.47500000000000003 0.5400943396226415 0.08750000000000001 0.17452830188679244
4 0.5734375 0.5471698113207547 0.09062500000000001 0.1981132075471698
4 0.6484375 0.5023584905660378 0.078125 0.13679245283018868
4 0.721875 0.49292452830188677 0.09375 0.14622641509433962
4 0.8046875 0.6580188679245282 0.384375 0.1650943396226415
4 0.7937500000000001 0.5542452830188679 0.09375 0.14622641509433962
4 0.5625 0.6721698113207547 0.16875 0.08962264150943396
