4 0.33055555555555555 0.7166666666666667 0.20555555555555557 0.2
4 0.5805555555555556 0.61875 0.11666666666666667 0.1375
4 0.7416666666666667 0.6708333333333333 0.17222222222222222 0.19166666666666665
4 0.875 0.5354166666666667 0.15 0.14583333333333334
4 0.9333333333333333 0.66875 0.12222222222222223 0.1625
4 0.18333333333333335 0.61875 0.14444444444444446 0.1625
4 0.10833333333333334 0.5645833333333333 0.15 0.14583333333333334
4 0.06666666666666667 0.46875 0.12222222222222223 0.09583333333333333
4 0.40555555555555556 0.5375 0.12222222222222223 0.15
4 0.28055555555555556 0.48125 0.1277777777777778 0.15416666666666667
4 0.5166666666666667 0.45625 0.24444444444444446 0.12916666666666665
4 0.7083333333333334 0.5083333333333333 0.1277777777777778 0.125
4 0.15 0.42291666666666666 0.07777777777777778 0.09583333333333333
