4 0.053125000000000006 0.5416666666666666 0.10625000000000001 0.24166666666666667
4 0.043750000000000004 0.85625 0.08750000000000001 0.2791666666666667
4 0.1953125 0.43333333333333335 0.096875 0.13333333333333333
4 0.340625 0.49583333333333335 0.1875 0.25
4 0.359375 0.6979166666666666 0.08750000000000001 0.12083333333333333
4 0.71875 0.6083333333333333 0.13125 0.25
4 0.4609375 0.5020833333333333 0.084375 0.12916666666666665
4 0.55625 0.5041666666666667 0.1125 0.175
4 0.6421875 0.42291666666666666 0.09062500000000001 0.1625
4 0.51875 0.40625 0.10625000000000001 0.1375
4 0.5546875 0.325 0.084375 0.125
4 0.6328125 0.2625 0.12812500000000002 0.13333333333333333
4 0.1609375 0.08333333333333333 0.078125 0.125
4 0.32343750000000004 0.20208333333333334 0.153125 0.1625
4 0.2609375 0.052083333333333336 0.19062500000000002 0.10416666666666667
4 0.465625 0.1 0.20625000000000002 0.2
4 0.4734375 0.30416666666666664 0.109375 0.13333333333333333
4 0.6468750000000001 0.09583333333333333 0.15000000000000002 0.19166666666666665
4 0.7609375 0.175 0.12187500000000001 0.18333333333333332
4 0.8953125000000001 0.14583333333333334 0.203125 0.2916666666666667
