4 0.08281250000000001 0.7125 0.16562500000000002 0.26666666666666666
4 0.284375 0.5770833333333333 0.15625 0.2375
4 0.478125 0.5770833333333333 0.1375 0.29583333333333334
4 0.5765625 0.64375 0.19062500000000002 0.3125
4 0.70625 0.5229166666666667 0.2 0.30416666666666664
4 0.9359375000000001 0.6583333333333333 0.12187500000000001 0.225
4 0.5734375 0.34375 0.078125 0.1625
4 0.65625 0.3 0.1375 0.19166666666666665
4 0.0625 0.125 0.10625000000000001 0.21666666666666667
4 0.2421875 0.17291666666666666 0.328125 0.2625
4 0.37343750000000003 0.35833333333333334 0.171875 0.2
4 0.5578125 0.0625 0.178125 0.125
4 0.6125 0.1875 0.15000000000000002 0.16666666666666666
4 0.9140625 0.2895833333333333 0.16562500000000002 0.1875
4 0.6953125 0.8895833333333333 0.253125 0.15416666666666667
4 0.421875 0.78125 0.15625 0.22916666666666666
