4 0.09375 0.20208333333333334 0.1875 0.3458333333333333
4 0.30781250000000004 0.2833333333333333 0.246875 0.4
4 0.37812500000000004 0.08333333333333333 0.18125000000000002 0.16666666666666666
4 0.4546875 0.24375 0.096875 0.19583333333333333
4 0.49843750000000003 0.17291666666666666 0.096875 0.12083333333333333
4 0.4109375 0.6666666666666666 0.259375 0.4
4 0.7046875 0.3875 0.22187500000000002 0.4166666666666667
4 0.659375 0.14375 0.13125 0.19583333333333333
4 0.8625 0.14375 0.1875 0.2875
4 0.8578125000000001 0.35833333333333334 0.10312500000000001 0.18333333333333332
