0 0.49375 0.6909871244635193 0.09375 0.10300429184549356
0 0.5578125 0.6137339055793991 0.10312500000000001 0.06866952789699571
0 0.7921875 0.7918454935622318 0.134375 0.09871244635193133
0 0.8328125000000001 0.6609442060085837 0.115625 0.08583690987124463
0 0.953125 0.8433476394849785 0.08750000000000001 0.0815450643776824
0 0.5281250000000001 0.9012875536480687 0.15625 0.06866952789699571
0 0.240625 0.8454935622317596 0.1125 0.08583690987124463
0 0.2078125 0.8927038626609443 0.153125 0.07725321888412018
0 0.253125 0.9592274678111588 0.1375 0.07296137339055794
0 0.3453125 0.9399141630901288 0.153125 0.08583690987124463
0 0.48125 0.9763948497854077 0.2 0.03862660944206009
0 0.2765625 0.7317596566523605 0.084375 0.055793991416309016
0 0.353125 0.630901287553648 0.05 0.06866952789699571
0 0.0703125 0.592274678111588 0.109375 0.07725321888412018
0 0.021875000000000002 0.5257510729613734 0.043750000000000004 0.07296137339055794
0 0.0390625 0.45064377682403434 0.065625 0.060085836909871244
0 0.1328125 0.4871244635193133 0.059375000000000004 0.07296137339055794
0 0.18125000000000002 0.48497854077253216 0.05625 0.06866952789699571
0 0.21875 0.5021459227467812 0.07500000000000001 0.06866952789699571
0 0.2515625 0.4721030042918455 0.084375 0.05150214592274678
0 0.328125 0.45064377682403434 0.08125 0.060085836909871244
0 0.275 0.5364806866952789 0.06875 0.08583690987124463
0 0.49375 0.4291845493562232 0.0625 0.060085836909871244
0 0.4703125 0.5 0.059375000000000004 0.047210300429184546
0 0.6078125000000001 0.45493562231759654 0.10312500000000001 0.11158798283261803
0 0.703125 0.463519313304721 0.08125 0.07725321888412018
0 0.7093750000000001 0.5429184549356223 0.08125 0.06437768240343347
0 0.775 0.5150214592274678 0.07500000000000001 0.06866952789699571
0 0.8421875000000001 0.38626609442060084 0.065625 0.060085836909871244
0 0.8125 0.4742489270386266 0.08125 0.06437768240343347
0 0.9437500000000001 0.30472103004291845 0.06875 0.060085836909871244
0 0.946875 0.3948497854077253 0.05625 0.07725321888412018
0 0.9484375 0.48068669527896996 0.053125000000000006 0.07725321888412018
0 0.8828125 0.4592274678111588 0.065625 0.07725321888412018
0 0.9875 0.40987124463519314 0.018750000000000003 0.0815450643776824
0 0.78125 0.3969957081545064 0.05625 0.047210300429184546
0 0.6234375000000001 0.38197424892703863 0.059375000000000004 0.06866952789699571
0 0.44375000000000003 0.3648068669527897 0.0625 0.05150214592274678
0 0.3140625 0.3562231759656652 0.140625 0.10300429184549356
0 0.0171875 0.3540772532188841 0.034375 0.06437768240343347
0 0.10312500000000001 0.2939914163090129 0.05625 0.03862660944206009
0 0.1296875 0.33905579399141633 0.059375000000000004 0.07725321888412018
0 0.18281250000000002 0.3927038626609442 0.065625 0.03862660944206009
0 0.184375 0.26180257510729615 0.0625 0.060085836909871244
0 0.29531250000000003 0.26824034334763946 0.10312500000000001 0.06437768240343347
0 0.37812500000000004 0.26394849785407726 0.06875 0.07296137339055794
0 0.4109375 0.3197424892703863 0.046875 0.055793991416309016
0 0.8390625 0.3111587982832618 0.065625 0.055793991416309016
0 0.7953125000000001 0.19527896995708155 0.096875 0.13304721030042918
0 0.8734375000000001 0.19742489270386265 0.053125000000000006 0.06866952789699571
0 0.9500000000000001 0.2532188841201717 0.08750000000000001 0.060085836909871244
0 0.6921875000000001 0.2553648068669528 0.12187500000000001 0.15879828326180256
0 0.4625 0.21244635193133046 0.2 0.09871244635193133
0 0.065625 0.24248927038626608 0.025 0.047210300429184546
0 0.246875 0.19098712446351931 0.2 0.07296137339055794
0 0.4703125 0.33905579399141633 0.053125000000000006 0.060085836909871244
0 0.51875 0.33261802575107297 0.03125 0.030042918454935622
0 0.5703125 0.315450643776824 0.046875 0.047210300429184546
0 0.5890625 0.26180257510729615 0.040625 0.04291845493562232
0 0.7328125000000001 0.4184549356223176 0.078125 0.055793991416309016
0 0.7937500000000001 0.7167381974248928 0.08125 0.05150214592274678
