0 0.271 0.47392638036809814 0.13 0.15030674846625766
0 0.048 0.5736196319018405 0.096 0.11656441717791412
0 0.162 0.6625766871165645 0.132 0.12269938650306748
0 0.026000000000000002 0.7331288343558282 0.052000000000000005 0.12883435582822086
0 0.025 0.834355828220859 0.05 0.10429447852760737
0 0.11800000000000001 0.8220858895705522 0.07200000000000001 0.06748466257668712
0 0.167 0.8880368098159509 0.114 0.1196319018404908
0 0.21 0.8558282208588958 0.096 0.11042944785276074
0 0.297 0.8819018404907976 0.094 0.11349693251533742
0 0.096 0.9524539877300614 0.136 0.08895705521472393
0 0.379 0.602760736196319 0.09 0.08282208588957056
0 0.497 0.6503067484662577 0.126 0.147239263803681
0 0.399 0.7162576687116564 0.182 0.13190184049079756
0 0.41000000000000003 0.8236196319018405 0.112 0.0950920245398773
0 0.547 0.838957055214724 0.11 0.08895705521472393
0 0.467 0.906441717791411 0.122 0.11349693251533742
0 0.394 0.9493865030674847 0.124 0.0950920245398773
0 0.621 0.5766871165644172 0.098 0.08588957055214724
0 0.714 0.5904907975460123 0.096 0.10736196319018405
0 0.765 0.8190184049079755 0.11800000000000001 0.1411042944785276
0 0.655 0.7653374233128835 0.098 0.10736196319018405
0 0.903 0.9432515337423313 0.10200000000000001 0.10736196319018405
0 0.637 0.9233128834355828 0.11 0.1411042944785276
0 0.657 0.8680981595092024 0.098 0.11656441717791412
0 0.909 0.8251533742331288 0.178 0.13496932515337423
