4 0.458 0.7822822822822822 0.04 0.08708708708708708
4 0.685 0.8318318318318318 0.046 0.07807807807807808
4 0.861 0.5720720720720721 0.074 0.1111111111111111
4 0.909 0.6471471471471472 0.046 0.0990990990990991
4 0.975 0.5780780780780781 0.038 0.08108108108108109
4 0.881 0.42042042042042044 0.03 0.0960960960960961
4 0.768 0.5840840840840841 0.032 0.07507507507507508
4 0.512 0.6846846846846847 0.048 0.04804804804804805
4 0.601 0.7222222222222222 0.058 0.08708708708708708
4 0.154 0.536036036036036 0.06 0.07507507507507508
4 0.097 0.4264264264264264 0.046 0.07207207207207207
4 0.149 0.3813813813813814 0.082 0.0960960960960961
4 0.202 0.44744744744744747 0.07200000000000001 0.0960960960960961
4 0.225 0.35285285285285284 0.098 0.12312312312312312
4 0.273 0.4519519519519519 0.062 0.10510510510510511
4 0.382 0.5330330330330331 0.088 0.17717717717717718
4 0.28200000000000003 0.29429429429429427 0.06 0.0960960960960961
4 0.3 0.3738738738738739 0.048 0.06906906906906907
4 0.401 0.37237237237237236 0.178 0.21621621621621623
4 0.504 0.4624624624624625 0.056 0.09009009009009009
4 0.669 0.3303303303303303 0.358 0.1981981981981982
4 0.59 0.45345345345345345 0.076 0.17417417417417416
4 0.631 0.5195195195195195 0.046 0.08408408408408408
4 0.718 0.4249249249249249 0.088 0.08708708708708708
4 0.8310000000000001 0.45495495495495497 0.05 0.09309309309309309
4 0.71 0.536036036036036 0.07200000000000001 0.12312312312312312
