4 0.040625 0.3145539906103286 0.08125 0.3286384976525822
4 0.1125 0.3333333333333333 0.0625 0.18779342723004694
4 0.1296875 0.20422535211267606 0.046875 0.11737089201877934
4 0.2765625 0.20422535211267606 0.146875 0.3051643192488263
4 0.2609375 0.4131455399061033 0.065625 0.13145539906103287
4 0.2015625 0.7347417840375587 0.12812500000000002 0.38967136150234744
4 0.371875 0.6384976525821596 0.15625 0.4225352112676056
4 0.525 0.5492957746478874 0.14375000000000002 0.36619718309859156
4 0.546875 0.29812206572769956 0.09375 0.24882629107981222
4 0.640625 0.26760563380281693 0.1 0.20657276995305165
4 0.5890625 0.784037558685446 0.040625 0.10328638497652583
4 0.7171875000000001 0.45774647887323944 0.065625 0.17370892018779344
4 0.5671875000000001 0.07042253521126761 0.053125000000000006 0.09389671361502347
4 0.5125000000000001 0.1619718309859155 0.05 0.0892018779342723
4 0.6328125 0.15492957746478875 0.065625 0.16901408450704225
4 0.75 0.2347417840375587 0.09375 0.26291079812206575
4 0.8359375 0.1596244131455399 0.059375000000000004 0.13145539906103287
4 0.784375 0.6784037558685446 0.037500000000000006 0.0892018779342723
4 0.84375 0.47887323943661975 0.1375 0.2535211267605634
4 0.8890625000000001 0.5704225352112676 0.153125 0.3427230046948357
