4 0.5 0.46996996996997 0.32 0.47147147147147145
4 0.08700000000000001 0.7492492492492493 0.17400000000000002 0.34534534534534533
4 0.802 0.7597597597597597 0.20400000000000001 0.2822822822822823
4 0.864 0.46846846846846846 0.268 0.4804804804804805
4 0.329 0.33783783783783783 0.17400000000000002 0.5375375375375375
4 0.652 0.28678678678678676 0.16 0.36336336336336333
4 0.794 0.12912912912912913 0.184 0.25825825825825827
4 0.9490000000000001 0.13213213213213212 0.098 0.25825825825825827
4 0.069 0.37237237237237236 0.138 0.4924924924924925
4 0.48 0.0990990990990991 0.192 0.1981981981981982
4 0.639 0.06006006006006006 0.13 0.12012012012012012
