4 0.09375 0.863849765258216 0.1875 0.26291079812206575
4 0.4140625 0.9154929577464789 0.178125 0.1596244131455399
4 0.509375 0.5375586854460094 0.3125 0.539906103286385
4 0.721875 0.4671361502347418 0.18125000000000002 0.29577464788732394
4 0.915625 0.5211267605633803 0.1625 0.36619718309859156
4 0.8140625 0.6549295774647887 0.134375 0.2112676056338028
4 0.8968750000000001 0.8685446009389671 0.14375000000000002 0.215962441314554
4 0.2171875 0.48826291079812206 0.22187500000000002 0.3286384976525822
4 0.2984375 0.12441314553990611 0.10312500000000001 0.1643192488262911
4 0.125 0.15492957746478875 0.25 0.3098591549295775
4 0.284375 0.7535211267605634 0.25625000000000003 0.38967136150234744
4 0.31093750000000003 0.31690140845070425 0.084375 0.13615023474178403
