4 0.358 0.7942942942942943 0.224 0.40540540540540543
4 0.541 0.8513513513513513 0.162 0.2912912912912913
4 0.64 0.9414414414414415 0.092 0.1111111111111111
4 0.75 0.8693693693693694 0.148 0.2552552552552553
4 0.031 0.6771771771771772 0.062 0.17717717717717718
4 0.074 0.6201201201201201 0.084 0.15915915915915915
4 0.083 0.7687687687687688 0.038 0.09009009009009009
4 0.17300000000000001 0.7687687687687688 0.126 0.2882882882882883
4 0.154 0.5840840840840841 0.07200000000000001 0.15315315315315314
4 0.053 0.3108108108108108 0.062 0.12912912912912913
4 0.127 0.3948948948948949 0.106 0.12912912912912913
4 0.215 0.36936936936936937 0.11 0.13813813813813813
4 0.191 0.49399399399399396 0.162 0.11711711711711711
4 0.22 0.5675675675675675 0.056 0.07807807807807808
4 0.342 0.44894894894894893 0.132 0.26126126126126126
4 0.396 0.28678678678678676 0.108 0.14114114114114115
4 0.468 0.5765765765765766 0.112 0.18018018018018017
4 0.422 0.4369369369369369 0.068 0.08708708708708708
4 0.5630000000000001 0.3303303303303303 0.234 0.15015015015015015
4 0.528 0.45645645645645644 0.084 0.13813813813813813
4 0.624 0.503003003003003 0.116 0.23723723723723725
4 0.603 0.6501501501501501 0.11800000000000001 0.12912912912912913
4 0.754 0.6426426426426426 0.112 0.21021021021021022
4 0.883 0.6501501501501501 0.138 0.2552552552552553
4 0.81 0.3078078078078078 0.28 0.2132132132132132
4 0.791 0.43543543543543545 0.13 0.23423423423423423
4 0.713 0.5255255255255256 0.038 0.07807807807807808
4 0.9500000000000001 0.5045045045045045 0.096 0.21021021021021022
4 0.164 0.19369369369369369 0.1 0.15915915915915915
4 0.269 0.14414414414414414 0.138 0.15615615615615616
4 0.358 0.05105105105105105 0.056 0.09009009009009009
4 0.519 0.16216216216216217 0.374 0.23423423423423423
4 0.85 0.12612612612612611 0.296 0.1921921921921922
