4 0.078125 0.09389671361502347 0.05625 0.10328638497652583
4 0.134375 0.18544600938967137 0.0625 0.09859154929577466
4 0.23125 0.19248826291079812 0.05625 0.10328638497652583
4 0.36875 0.07746478873239437 0.0625 0.107981220657277
4 0.3640625 0.2511737089201878 0.096875 0.107981220657277
4 0.07968750000000001 0.3004694835680751 0.046875 0.09389671361502347
4 0.08750000000000001 0.3826291079812207 0.05625 0.09859154929577466
4 0.134375 0.323943661971831 0.11875000000000001 0.09389671361502347
4 0.25625000000000003 0.3403755868544601 0.09375 0.107981220657277
4 0.27187500000000003 0.2793427230046948 0.05625 0.0892018779342723
4 0.035937500000000004 0.5046948356807511 0.065625 0.11737089201877934
4 0.125 0.6244131455399061 0.0625 0.12206572769953052
4 0.2078125 0.6784037558685446 0.09062500000000001 0.1267605633802817
4 0.1171875 0.7793427230046949 0.084375 0.15023474178403756
4 0.19375 0.8004694835680751 0.08125 0.13615023474178403
4 0.0625 0.7394366197183099 0.125 0.35211267605633806
4 0.0484375 0.943661971830986 0.096875 0.10328638497652583
4 0.2625 0.9413145539906104 0.08750000000000001 0.107981220657277
4 0.36250000000000004 0.9225352112676056 0.08750000000000001 0.14553990610328638
4 0.3921875 0.7136150234741784 0.084375 0.15023474178403756
4 0.47500000000000003 0.8145539906103286 0.0625 0.1267605633802817
4 0.49062500000000003 0.57981220657277 0.08125 0.13615023474178403
4 0.53125 0.7065727699530516 0.08750000000000001 0.13615023474178403
4 0.29531250000000003 0.5610328638497653 0.10312500000000001 0.11737089201877934
4 0.39687500000000003 0.4107981220657277 0.25 0.2112676056338028
4 0.5875 0.4483568075117371 0.08750000000000001 0.107981220657277
4 0.6359375 0.619718309859155 0.10312500000000001 0.1971830985915493
4 0.728125 0.6690140845070423 0.07500000000000001 0.13615023474178403
4 0.8578125000000001 0.7723004694835681 0.065625 0.1267605633802817
4 0.9578125000000001 0.8474178403755869 0.078125 0.15492957746478875
4 0.95625 0.6924882629107981 0.05 0.107981220657277
4 0.8812500000000001 0.568075117370892 0.0625 0.12206572769953052
4 0.6765625000000001 0.45305164319248825 0.065625 0.09859154929577466
4 0.7250000000000001 0.4953051643192488 0.0625 0.11737089201877934
4 0.6234375000000001 0.3192488262910798 0.07187500000000001 0.11267605633802817
4 0.5 0.22300469483568075 0.10625000000000001 0.107981220657277
4 0.5546875 0.16901408450704225 0.096875 0.09389671361502347
4 0.6984375 0.17605633802816903 0.096875 0.07981220657276995
4 0.5140625 0.29577464788732394 0.059375000000000004 0.10328638497652583
4 0.6843750000000001 0.2535211267605634 0.09375 0.11267605633802817
4 0.7953125000000001 0.3333333333333333 0.053125000000000006 0.10328638497652583
4 0.8875000000000001 0.4014084507042254 0.07500000000000001 0.11737089201877934
4 0.9296875 0.5328638497652582 0.065625 0.11737089201877934
4 0.925 0.2511737089201878 0.14375000000000002 0.18309859154929578
4 0.58125 0.8943661971830986 0.043750000000000004 0.0892018779342723
