4 0.037500000000000006 0.2535211267605634 0.06875 0.1784037558685446
4 0.096875 0.4295774647887324 0.1 0.20187793427230047
4 0.11875000000000001 0.26760563380281693 0.08750000000000001 0.16901408450704225
4 0.26406250000000003 0.3474178403755869 0.09062500000000001 0.1784037558685446
4 0.28125 0.5023474178403756 0.08125 0.1784037558685446
4 0.25625000000000003 0.18309859154929578 0.06875 0.15023474178403756
4 0.35000000000000003 0.20422535211267606 0.11875000000000001 0.17370892018779344
4 0.43125 0.35211267605633806 0.08125 0.1596244131455399
4 0.534375 0.47417840375586856 0.10625000000000001 0.1971830985915493
4 0.553125 0.744131455399061 0.08125 0.11737089201877934
4 0.6875 0.7699530516431925 0.06875 0.14084507042253522
4 0.8484375000000001 0.6619718309859155 0.109375 0.1784037558685446
4 0.7453125 0.49295774647887325 0.084375 0.18779342723004694
4 0.8890625000000001 0.3474178403755869 0.115625 0.2535211267605634
4 0.4765625 0.1596244131455399 0.078125 0.1596244131455399
4 0.58125 0.04929577464788733 0.0625 0.09859154929577466
4 0.421875 0.04929577464788733 0.07500000000000001 0.09859154929577466
4 0.6015625 0.1572769953051643 0.078125 0.1643192488262911
4 0.5921875 0.2934272300469484 0.10312500000000001 0.14553990610328638
4 0.65 0.2183098591549296 0.05 0.11737089201877934
4 0.7015625000000001 0.2535211267605634 0.065625 0.15023474178403756
4 0.7562500000000001 0.2511737089201878 0.0625 0.1643192488262911
4 0.7609375 0.13145539906103287 0.065625 0.14084507042253522
