4 0.64375 0.8497652582159625 0.13125 0.2347417840375587
4 0.8296875 0.7253521126760564 0.10312500000000001 0.19248826291079812
4 0.446875 0.6338028169014085 0.125 0.2347417840375587
4 0.546875 0.7370892018779343 0.06875 0.13145539906103287
4 0.6546875000000001 0.6103286384976526 0.096875 0.1596244131455399
4 0.9281250000000001 0.5046948356807511 0.07500000000000001 0.13615023474178403
4 0.95625 0.6784037558685446 0.043750000000000004 0.07981220657276995
4 0.915625 0.8333333333333334 0.08125 0.11737089201877934
4 0.1265625 0.8779342723004695 0.253125 0.2347417840375587
4 0.29375 0.8568075117370892 0.1375 0.26760563380281693
4 0.1796875 0.5821596244131455 0.209375 0.22535211267605634
4 0.2890625 0.4366197183098592 0.12187500000000001 0.1971830985915493
4 0.43125 0.5093896713615024 0.1125 0.14553990610328638
4 0.5140625 0.4413145539906103 0.09062500000000001 0.215962441314554
4 0.6109375 0.5539906103286385 0.12187500000000001 0.1784037558685446
4 0.6390625000000001 0.32159624413145543 0.09062500000000001 0.20187793427230047
4 0.7265625 0.42488262910798125 0.078125 0.107981220657277
4 0.821875 0.5046948356807511 0.1375 0.19248826291079812
4 0.878125 0.3615023474178404 0.23750000000000002 0.1596244131455399
4 0.45 0.31220657276995306 0.10625000000000001 0.15492957746478875
4 0.08750000000000001 0.3075117370892019 0.08125 0.11737089201877934
4 0.0390625 0.43427230046948356 0.078125 0.2112676056338028
4 0.225 0.3028169014084507 0.08750000000000001 0.14553990610328638
4 0.3375 0.3380281690140845 0.09375 0.1596244131455399
4 0.5734375 0.38497652582159625 0.07187500000000001 0.12206572769953052
4 0.703125 0.3427230046948357 0.037500000000000006 0.08450704225352113
