4 0.056 0.8603603603603603 0.108 0.2012012012012012
4 0.18 0.6576576576576576 0.096 0.13213213213213212
4 0.29 0.9219219219219219 0.16 0.15015015015015015
4 0.371 0.8618618618618619 0.114 0.1981981981981982
4 0.499 0.7837837837837838 0.138 0.1921921921921922
4 0.07200000000000001 0.487987987987988 0.068 0.12312312312312312
4 0.146 0.5555555555555556 0.092 0.15615615615615616
4 0.243 0.5930930930930931 0.10200000000000001 0.15315315315315314
4 0.723 0.6561561561561562 0.262 0.3333333333333333
4 0.686 0.8693693693693694 0.124 0.17117117117117117
4 0.896 0.8903903903903904 0.164 0.2132132132132132
4 0.9430000000000001 0.6426426426426426 0.11 0.4084084084084084
4 0.937 0.33183183183183185 0.09 0.15315315315315314
4 0.747 0.1996996996996997 0.082 0.11711711711711711
4 0.77 0.4009009009009009 0.12 0.1831831831831832
4 0.835 0.3228228228228228 0.122 0.1891891891891892
4 0.386 0.47897897897897895 0.296 0.2732732732732733
4 0.559 0.5405405405405406 0.09 0.1981981981981982
4 0.636 0.44144144144144143 0.152 0.24024024024024024
4 0.135 0.2777777777777778 0.27 0.33933933933933935
4 0.28 0.20270270270270271 0.068 0.12312312312312312
4 0.352 0.2897897897897898 0.108 0.16516516516516516
4 0.362 0.11411411411411411 0.064 0.09009009009009009
4 0.463 0.25975975975975973 0.138 0.24924924924924924
4 0.598 0.23273273273273273 0.08 0.11711711711711711
4 0.558 0.35435435435435436 0.08 0.14414414414414414
4 0.683 0.31981981981981983 0.08600000000000001 0.2132132132132132
