4 0.1046875 0.7464788732394366 0.140625 0.2347417840375587
4 0.028125 0.4460093896713615 0.05625 0.215962441314554
4 0.0390625 0.24178403755868544 0.078125 0.22065727699530516
4 0.1203125 0.29577464788732394 0.065625 0.1596244131455399
4 0.1703125 0.12206572769953052 0.07187500000000001 0.15023474178403756
4 0.240625 0.5962441314553991 0.17500000000000002 0.22535211267605634
4 0.3296875 0.38028169014084506 0.146875 0.3474178403755869
4 0.30312500000000003 0.17136150234741784 0.11875000000000001 0.2112676056338028
4 0.4421875 0.215962441314554 0.115625 0.24413145539906103
4 0.44062500000000004 0.5915492957746479 0.15625 0.3192488262910798
4 0.4546875 0.45774647887323944 0.10312500000000001 0.23004694835680753
4 0.49062500000000003 0.38967136150234744 0.14375000000000002 0.28169014084507044
4 0.6390625000000001 0.6384976525821596 0.171875 0.47887323943661975
4 0.64375 0.3544600938967136 0.19375 0.3427230046948357
4 0.859375 0.34976525821596244 0.15000000000000002 0.3427230046948357
4 0.70625 0.13380281690140847 0.11875000000000001 0.26760563380281693
