4 0.096875 0.1643192488262911 0.19375 0.3286384976525822
4 0.0625 0.5469483568075117 0.125 0.3051643192488263
4 0.13125 0.8333333333333334 0.225 0.323943661971831
4 0.29531250000000003 0.6737089201877935 0.22812500000000002 0.3615023474178404
4 0.240625 0.3474178403755869 0.3125 0.40375586854460094
4 0.37812500000000004 0.12206572769953052 0.34375 0.24413145539906103
4 0.503125 0.3403755868544601 0.16875 0.35211267605633806
4 0.6625000000000001 0.4507042253521127 0.19375 0.38497652582159625
4 0.7265625 0.26291079812206575 0.27187500000000003 0.3004694835680751
4 0.884375 0.1596244131455399 0.225 0.3192488262910798
4 0.828125 0.47887323943661975 0.1625 0.3004694835680751
4 0.5703125 0.6267605633802817 0.19687500000000002 0.3615023474178404
4 0.6468750000000001 0.8708920187793427 0.50625 0.24882629107981222
4 0.8671875 0.7065727699530516 0.259375 0.3615023474178404
