4 0.1375 0.636150234741784 0.23125 0.35211267605633806
4 0.246875 0.4671361502347418 0.1875 0.35211267605633806
4 0.1125 0.2347417840375587 0.08750000000000001 0.1971830985915493
4 0.4765625 0.5469483568075117 0.146875 0.20187793427230047
4 0.628125 0.7582159624413146 0.25 0.38028169014084506
4 0.7250000000000001 0.5868544600938967 0.10625000000000001 0.20657276995305165
4 0.9171875 0.40375586854460094 0.15937500000000002 0.3004694835680751
4 0.4296875 0.33098591549295775 0.184375 0.2863849765258216
4 0.4546875 0.1619718309859155 0.184375 0.20187793427230047
4 0.6234375000000001 0.2136150234741784 0.10312500000000001 0.18309859154929578
4 0.6609375000000001 0.11032863849765258 0.115625 0.2112676056338028
4 0.775 0.07511737089201878 0.13125 0.15023474178403756
4 0.421875 0.6032863849765259 0.07500000000000001 0.14553990610328638
