4 0.0890625 0.5446009389671361 0.178125 0.2535211267605634
4 0.09843750000000001 0.3615023474178404 0.15937500000000002 0.26291079812206575
4 0.225 0.4014084507042254 0.08125 0.1643192488262911
4 0.32343750000000004 0.44366197183098594 0.078125 0.14553990610328638
4 0.3375 0.5938967136150235 0.08125 0.14553990610328638
4 0.7625000000000001 0.8450704225352113 0.15625 0.3004694835680751
4 0.7296875 0.5868544600938967 0.109375 0.24413145539906103
4 0.83125 0.6032863849765259 0.1 0.20187793427230047
4 0.8250000000000001 0.4507042253521127 0.11875000000000001 0.14084507042253522
4 0.525 0.45305164319248825 0.3375 0.6807511737089202
4 0.9515625000000001 0.3826291079812207 0.09062500000000001 0.511737089201878
4 0.7937500000000001 0.27230046948356806 0.225 0.29107981220657275
4 0.18281250000000002 0.24413145539906103 0.36562500000000003 0.27230046948356806
