4 0.034375 0.7230046948356808 0.06875 0.13145539906103287
4 0.09375 0.8192488262910799 0.08125 0.14553990610328638
4 0.15156250000000002 0.6713615023474179 0.115625 0.1596244131455399
4 0.240625 0.8967136150234742 0.1625 0.1596244131455399
4 0.23125 0.7300469483568075 0.08125 0.19248826291079812
4 0.3125 0.7323943661971831 0.10625000000000001 0.215962441314554
4 0.3796875 0.5774647887323944 0.109375 0.13145539906103287
4 0.5109375 0.6384976525821596 0.115625 0.1784037558685446
4 0.4859375 0.8779342723004695 0.10312500000000001 0.2347417840375587
4 0.5890625 0.8732394366197184 0.09062500000000001 0.24413145539906103
4 0.5984375000000001 0.715962441314554 0.078125 0.09859154929577466
4 0.7093750000000001 0.7300469483568075 0.08125 0.1643192488262911
4 0.7312500000000001 0.5892018779342724 0.1 0.14553990610328638
4 0.853125 0.7042253521126761 0.1125 0.215962441314554
4 0.7390625000000001 0.9577464788732395 0.065625 0.07511737089201878
4 0.7937500000000001 0.9154929577464789 0.05625 0.13145539906103287
4 0.634375 0.6150234741784038 0.09375 0.15023474178403756
4 0.9281250000000001 0.8591549295774648 0.08125 0.09389671361502347
4 0.8875000000000001 0.960093896713615 0.08125 0.07042253521126761
4 0.9640625 0.715962441314554 0.065625 0.13615023474178403
4 0.4296875 0.4413145539906103 0.115625 0.18779342723004694
4 0.059375000000000004 0.3004694835680751 0.08750000000000001 0.12206572769953052
4 0.1171875 0.1784037558685446 0.115625 0.13145539906103287
4 0.1609375 0.29812206572769956 0.084375 0.13615023474178403
4 0.22031250000000002 0.3591549295774648 0.065625 0.09859154929577466
4 0.321875 0.44366197183098594 0.05 0.07042253521126761
4 0.6015625 0.4295774647887324 0.07187500000000001 0.15492957746478875
4 0.20468750000000002 0.22300469483568075 0.084375 0.0892018779342723
4 0.2546875 0.14553990610328638 0.109375 0.10328638497652583
4 0.37812500000000004 0.2605633802816901 0.25 0.1643192488262911
4 0.45156250000000003 0.15492957746478875 0.246875 0.24413145539906103
4 0.5703125 0.29812206572769956 0.07187500000000001 0.09859154929577466
4 0.6312500000000001 0.17605633802816903 0.13125 0.1643192488262911
4 0.7562500000000001 0.08215962441314555 0.15000000000000002 0.15492957746478875
4 0.9171875 0.09154929577464789 0.134375 0.15492957746478875
4 0.7078125000000001 0.35211267605633806 0.115625 0.15023474178403756
4 0.76875 0.2652582159624413 0.15000000000000002 0.15492957746478875
4 0.890625 0.2699530516431925 0.08125 0.14553990610328638
