4 0.224 0.7432432432432432 0.232 0.4174174174174174
4 0.394 0.6051051051051051 0.228 0.36336336336336333
4 0.056 0.7552552552552553 0.112 0.48348348348348347
4 0.133 0.5165165165165165 0.17 0.3063063063063063
4 0.039 0.3003003003003003 0.078 0.35435435435435436
4 0.168 0.23723723723723725 0.216 0.3003003003003003
4 0.34700000000000003 0.37237237237237236 0.306 0.34234234234234234
4 0.636 0.8003003003003003 0.26 0.3933933933933934
4 0.867 0.8213213213213213 0.262 0.35135135135135137
4 0.676 0.5345345345345345 0.2 0.3663663663663664
4 0.595 0.3933933933933934 0.14200000000000002 0.2822822822822823
4 0.774 0.4219219219219219 0.192 0.35735735735735735
4 0.924 0.5570570570570571 0.148 0.45945945945945943
4 0.8270000000000001 0.1831831831831832 0.342 0.3663663663663664
4 0.449 0.16516516516516516 0.378 0.3303303303303303
