4 0.203 0.5735735735735735 0.114 0.15015015015015015
4 0.362 0.5765765765765766 0.10400000000000001 0.13813813813813813
4 0.47500000000000003 0.551051051051051 0.098 0.15315315315315314
4 0.561 0.5105105105105106 0.094 0.13813813813813813
4 0.643 0.48648648648648646 0.074 0.12012012012012012
4 0.744 0.6201201201201201 0.092 0.14714714714714713
4 0.89 0.5765765765765766 0.092 0.14414414414414414
4 0.772 0.4444444444444444 0.088 0.12612612612612611
4 0.124 0.24474474474474475 0.248 0.4894894894894895
4 0.41100000000000003 0.24774774774774774 0.366 0.4954954954954955
4 0.793 0.15015015015015015 0.41000000000000003 0.3003003003003003
4 0.628 0.36786786786786785 0.084 0.14114114114114115
4 0.736 0.36036036036036034 0.116 0.15615615615615616
4 0.841 0.35735735735735735 0.082 0.12012012012012012
4 0.869 0.42342342342342343 0.07 0.12012012012012012
4 0.9420000000000001 0.37237237237237236 0.112 0.18018018018018017
