4 0.843 0.6555891238670695 0.242 0.3685800604229607
4 0.432 0.8308157099697885 0.28400000000000003 0.3323262839879154
4 0.148 0.7598187311178247 0.296 0.4743202416918429
4 0.468 0.4561933534743202 0.308 0.3504531722054381
4 0.609 0.34894259818731116 0.158 0.18429003021148035
4 0.262 0.3474320241691843 0.34800000000000003 0.2598187311178248
4 0.19 0.1661631419939577 0.23600000000000002 0.3323262839879154
4 0.356 0.1661631419939577 0.152 0.15709969788519637
4 0.34600000000000003 0.05740181268882175 0.116 0.1148036253776435
4 0.538 0.13444108761329304 0.232 0.2688821752265861
4 0.712 0.17371601208459214 0.14 0.2084592145015106
4 0.882 0.2552870090634441 0.17200000000000001 0.256797583081571
4 0.87 0.07854984894259819 0.256 0.15709969788519637
