2 0.05 0.5225225225225225 0.07200000000000001 0.12012012012012012
2 0.252 0.5930930930930931 0.268 0.3993993993993994
2 0.35000000000000003 0.34234234234234234 0.076 0.0960960960960961
2 0.024 0.6531531531531531 0.048 0.07507507507507508
2 0.438 0.512012012012012 0.096 0.14114114114114115
2 0.417 0.9099099099099099 0.082 0.11411411411411411
2 0.5630000000000001 0.93993993993994 0.11800000000000001 0.11411411411411411
2 0.809 0.8888888888888888 0.298 0.21621621621621623
2 0.609 0.7132132132132132 0.058 0.08108108108108109
2 0.747 0.7267267267267267 0.098 0.1021021021021021
2 0.67 0.4624624624624625 0.064 0.0960960960960961
2 0.738 0.4069069069069069 0.056 0.08108108108108109
2 0.804 0.33183183183183185 0.056 0.09309309309309309
2 0.897 0.4954954954954955 0.042 0.07207207207207207
2 0.741 0.5975975975975976 0.126 0.10810810810810811
2 0.425 0.06306306306306306 0.062 0.07207207207207207
2 0.463 0.14864864864864866 0.066 0.0990990990990991
2 0.53 0.04954954954954955 0.056 0.08708708708708708
2 0.7020000000000001 0.1021021021021021 0.068 0.11411411411411411
2 0.6980000000000001 0.24024024024024024 0.048 0.07207207207207207
2 0.844 0.2777777777777778 0.044 0.08708708708708708
2 0.798 0.0915915915915916 0.052000000000000005 0.08708708708708708
2 0.866 0.12912912912912913 0.044 0.07807807807807808
2 0.915 0.1906906906906907 0.042 0.06306306306306306
2 0.877 0.6846846846846847 0.038 0.04804804804804805
2 0.032 0.7762762762762763 0.04 0.05105105105105105
2 0.246 0.15615615615615616 0.06 0.07207207207207207
2 0.525 0.23123123123123124 0.058 0.06006006006006006
