4 0.20800000000000002 0.7582417582417582 0.056 0.10256410256410256
4 0.14300000000000002 0.8205128205128205 0.046 0.09523809523809523
4 0.037 0.63003663003663 0.074 0.21245421245421245
4 0.136 0.684981684981685 0.06 0.1684981684981685
4 0.137 0.5036630036630036 0.242 0.25274725274725274
4 0.34900000000000003 0.4633699633699634 0.198 0.25274725274725274
4 0.623 0.40293040293040294 0.362 0.24175824175824176
4 0.301 0.7637362637362637 0.122 0.2454212454212454
4 0.455 0.7014652014652014 0.19 0.2454212454212454
4 0.861 0.6721611721611722 0.274 0.2600732600732601
4 0.931 0.5036630036630036 0.134 0.10622710622710622
4 0.641 0.6703296703296703 0.17400000000000002 0.23443223443223443
4 0.877 0.3663003663003663 0.19 0.23443223443223443
4 0.22 0.27106227106227104 0.44 0.2271062271062271
4 0.591 0.2326007326007326 0.306 0.20146520146520147
4 0.768 0.2032967032967033 0.056 0.12087912087912088
