3 0.426 0.4174174174174174 0.068 0.12012012012012012
3 0.962 0.43993993993993996 0.07200000000000001 0.17117117117117117
3 0.308 0.5165165165165165 0.068 0.15015015015015015
3 0.515 0.581081081081081 0.106 0.10510510510510511
3 0.6890000000000001 0.536036036036036 0.05 0.06306306306306306
3 0.07 0.7642642642642643 0.14 0.2072072072072072
3 0.215 0.6771771771771772 0.054 0.09309309309309309
3 0.27 0.924924924924925 0.10400000000000001 0.14414414414414414
3 0.359 0.8273273273273273 0.042 0.09309309309309309
3 0.47300000000000003 0.7162162162162162 0.046 0.0990990990990991
3 0.625 0.7477477477477478 0.09 0.17417417417417416
3 0.884 0.6696696696696697 0.096 0.13213213213213212
3 0.665 0.6711711711711712 0.046 0.06906906906906907
3 0.962 0.6201201201201201 0.07200000000000001 0.07507507507507508
3 0.015 0.9504504504504504 0.03 0.09309309309309309
