4 0.675 0.7020833333333333 0.1375 0.24583333333333332
4 0.9109375000000001 0.90625 0.10312500000000001 0.17916666666666667
4 0.296875 0.9333333333333333 0.07500000000000001 0.125
4 0.38906250000000003 0.76875 0.19687500000000002 0.2375
4 0.3515625 0.5395833333333333 0.203125 0.20416666666666666
4 0.1921875 0.66875 0.140625 0.22083333333333333
4 0.1328125 0.675 0.203125 0.19166666666666665
4 0.1046875 0.5041666666666667 0.12187500000000001 0.18333333333333332
4 0.2421875 0.54375 0.084375 0.14583333333333334
4 0.46718750000000003 0.66875 0.15937500000000002 0.17083333333333334
4 0.59375 0.48125 0.09375 0.17083333333333334
4 0.7734375 0.5645833333333333 0.115625 0.1875
4 0.9437500000000001 0.7770833333333333 0.10625000000000001 0.19583333333333333
4 0.9359375000000001 0.4270833333333333 0.12187500000000001 0.22083333333333333
4 0.821875 0.34791666666666665 0.13125 0.14583333333333334
4 0.8828125 0.22291666666666665 0.09062500000000001 0.10416666666666667
4 0.8562500000000001 0.10625 0.06875 0.09583333333333333
4 0.403125 0.43333333333333335 0.08125 0.1
4 0.4703125 0.31666666666666665 0.096875 0.16666666666666666
4 0.37343750000000003 0.20416666666666666 0.12187500000000001 0.15833333333333333
4 0.4375 0.09583333333333333 0.1 0.15833333333333333
4 0.50625 0.08541666666666667 0.05625 0.10416666666666667
4 0.6734375 0.075 0.115625 0.14166666666666666
4 0.096875 0.3104166666666667 0.1 0.1625
4 0.2390625 0.26875 0.140625 0.17916666666666667
4 0.11093750000000001 0.16666666666666666 0.09062500000000001 0.15
4 0.22031250000000002 0.0625 0.209375 0.125
