4 0.13593750000000002 0.5958333333333333 0.109375 0.09166666666666666
4 0.24531250000000002 0.5270833333333333 0.078125 0.0875
4 0.434375 0.6166666666666667 0.09375 0.10833333333333334
4 0.24375000000000002 0.8 0.06875 0.06666666666666667
4 0.478125 0.7958333333333333 0.07500000000000001 0.1
4 0.7312500000000001 0.8229166666666666 0.08125 0.07916666666666666
4 0.7109375 0.73125 0.084375 0.07916666666666666
4 0.859375 0.7333333333333333 0.0625 0.075
4 0.7484375000000001 0.9583333333333334 0.059375000000000004 0.075
4 0.5984375000000001 0.5604166666666667 0.046875 0.05416666666666667
4 0.7093750000000001 0.5625 0.037500000000000006 0.05
4 0.7265625 0.6270833333333333 0.046875 0.04583333333333333
4 0.78125 0.5604166666666667 0.05625 0.0625
4 0.8015625000000001 0.6041666666666666 0.040625 0.05
4 0.8328125000000001 0.54375 0.053125000000000006 0.05416666666666667
4 0.8828125 0.56875 0.07187500000000001 0.07083333333333333
4 0.9421875000000001 0.6625 0.07187500000000001 0.058333333333333334
4 0.6765625000000001 0.5166666666666666 0.053125000000000006 0.05
4 0.7796875000000001 0.47291666666666665 0.053125000000000006 0.0625
4 0.878125 0.48541666666666666 0.05 0.05416666666666667
4 0.9578125000000001 0.4770833333333333 0.065625 0.07916666666666666
4 0.509375 0.5645833333333333 0.043750000000000004 0.04583333333333333
4 0.035937500000000004 0.575 0.046875 0.058333333333333334
4 0.7421875 0.3833333333333333 0.134375 0.08333333333333333
