0 0.489 0.2580071174377224 0.17400000000000002 0.17437722419928825
0 0.324 0.3612099644128114 0.112 0.14590747330960854
0 0.405 0.37722419928825623 0.094 0.16370106761565836
0 0.036000000000000004 0.4074733096085409 0.07200000000000001 0.18149466192170818
0 0.064 0.4377224199288256 0.128 0.15658362989323843
0 0.19 0.4626334519572953 0.128 0.12099644128113879
0 0.23800000000000002 0.4893238434163701 0.136 0.16725978647686832
0 0.334 0.8167259786476868 0.16 0.2384341637010676
0 0.42 0.5871886120996441 0.10400000000000001 0.1494661921708185
0 0.71 0.4056939501779359 0.164 0.16370106761565836
0 0.608 0.588967971530249 0.136 0.21708185053380782
0 0.093 0.701067615658363 0.166 0.15658362989323843
0 0.332 0.6174377224199288 0.124 0.15302491103202845
0 0.734 0.6512455516014235 0.152 0.19217081850533807
0 0.8140000000000001 0.6743772241992882 0.14400000000000002 0.20284697508896796
0 0.853 0.2864768683274021 0.14200000000000002 0.18149466192170818
0 0.861 0.39145907473309605 0.182 0.18505338078291814
0 0.935 0.48042704626334515 0.114 0.24199288256227758
0 0.811 0.051601423487544484 0.122 0.10320284697508897
0 0.7010000000000001 0.8825622775800711 0.354 0.2277580071174377
0 0.792 0.2597864768683274 0.148 0.18505338078291814
0 0.899 0.7900355871886121 0.198 0.27046263345195726
0 0.244 0.6992882562277579 0.108 0.18149466192170818
0 0.145 0.31494661921708184 0.262 0.16014234875444838
0 0.17400000000000002 0.8754448398576512 0.152 0.24199288256227758
0 0.51 0.6637010676156583 0.132 0.0889679715302491
