1 0.25 0.6831831831831832 0.064 0.08108108108108109
1 0.2 0.8243243243243243 0.068 0.08708708708708708
1 0.495 0.6996996996996997 0.08600000000000001 0.0960960960960961
1 0.398 0.6111111111111112 0.056 0.07507507507507508
1 0.11800000000000001 0.5615615615615616 0.168 0.17417417417417416
1 0.029 0.43543543543543545 0.034 0.04204204204204204
1 0.908 0.5180180180180181 0.18 0.23123123123123124
1 0.15 0.3663663663663664 0.20800000000000002 0.12612612612612611
1 0.303 0.42792792792792794 0.11 0.23723723723723725
1 0.40900000000000003 0.4804804804804805 0.094 0.17417417417417416
1 0.512 0.43843843843843844 0.10400000000000001 0.13213213213213212
1 0.658 0.4174174174174174 0.096 0.07207207207207207
