3 0.499 0.13213213213213212 0.998 0.26426426426426425
3 0.494 0.3183183183183183 0.116 0.17417417417417416
3 0.101 0.49399399399399396 0.07 0.14714714714714713
3 0.265 0.44144144144144143 0.09 0.15615615615615616
3 0.256 0.5900900900900901 0.088 0.14114114114114115
3 0.353 0.5480480480480481 0.13 0.2012012012012012
3 0.184 0.8288288288288288 0.14 0.1921921921921922
3 0.375 0.8783783783783784 0.254 0.23723723723723725
3 0.529 0.527027027027027 0.078 0.19519519519519518
3 0.622 0.43243243243243246 0.124 0.13813813813813813
3 0.661 0.8318318318318318 0.27 0.32432432432432434
3 0.923 0.9129129129129129 0.15 0.16816816816816815
3 0.8200000000000001 0.4339339339339339 0.068 0.1111111111111111
3 0.927 0.5075075075075075 0.11800000000000001 0.21621621621621623
