3 0.49843750000000003 0.22769953051643194 0.9968750000000001 0.4366197183098592
3 0.060937500000000006 0.5469483568075117 0.10312500000000001 0.19248826291079812
3 0.153125 0.8427230046948357 0.15625 0.24882629107981222
3 0.37812500000000004 0.5774647887323944 0.1 0.18779342723004694
3 0.1453125 0.42488262910798125 0.078125 0.11737089201877934
3 0.484375 0.5727699530516432 0.13125 0.215962441314554
3 0.6296875000000001 0.5328638497652582 0.115625 0.17370892018779344
3 0.61875 0.687793427230047 0.17500000000000002 0.20187793427230047
3 0.6000000000000001 0.8427230046948357 0.1375 0.19248826291079812
3 0.7390625000000001 0.7394366197183099 0.115625 0.23004694835680753
3 0.7921875 0.4859154929577465 0.078125 0.14553990610328638
3 0.946875 0.4366197183098592 0.08125 0.15023474178403756
3 0.9546875 0.5938967136150235 0.084375 0.15492957746478875
3 0.9375 0.8215962441314554 0.11875000000000001 0.1971830985915493
