0 0.11800000000000001 0.5743670886075949 0.23600000000000002 0.43354430379746833
0 0.122 0.7563291139240507 0.128 0.17721518987341772
0 0.241 0.5632911392405063 0.082 0.10126582278481013
0 0.291 0.20727848101265822 0.126 0.12974683544303797
0 0.295 0.3829113924050633 0.08600000000000001 0.12658227848101267
0 0.312 0.495253164556962 0.068 0.07278481012658228
0 0.306 0.7310126582278481 0.124 0.15822784810126583
0 0.379 0.6550632911392404 0.11 0.16455696202531644
0 0.464 0.7215189873417721 0.07200000000000001 0.10759493670886076
0 0.508 0.3370253164556962 0.064 0.06645569620253164
0 0.441 0.4699367088607595 0.11800000000000001 0.16139240506329114
0 0.591 0.5174050632911392 0.298 0.42088607594936706
0 0.732 0.49367088607594933 0.064 0.09493670886075949
0 0.8210000000000001 0.34651898734177217 0.082 0.14240506329113925
0 0.92 0.2610759493670886 0.096 0.10443037974683544
0 0.5730000000000001 0.8686708860759493 0.162 0.23734177215189872
0 0.677 0.7610759493670886 0.082 0.1360759493670886
0 0.927 0.8212025316455696 0.14200000000000002 0.31329113924050633
0 0.84 0.9636075949367089 0.16 0.06645569620253164
0 0.555 0.1819620253164557 0.046 0.060126582278481014
0 0.618 0.0759493670886076 0.20400000000000001 0.1518987341772152
0 0.66 0.20411392405063292 0.084 0.08544303797468354
0 0.732 0.12183544303797468 0.032 0.04113924050632911
0 0.8230000000000001 0.13765822784810125 0.066 0.060126582278481014
0 0.927 0.01740506329113924 0.062 0.03481012658227848
0 0.984 0.15981012658227847 0.028 0.060126582278481014
