1 0.2828125 0.45305164319248825 0.059375000000000004 0.07981220657276995
1 0.1703125 0.5164319248826291 0.07187500000000001 0.16901408450704225
1 0.2921875 0.7136150234741784 0.053125000000000006 0.06572769953051644
1 0.6125 0.7699530516431925 0.05625 0.06572769953051644
1 0.5750000000000001 0.5821596244131455 0.037500000000000006 0.046948356807511735
1 0.7078125000000001 0.5469483568075117 0.040625 0.051643192488262914
1 0.775 0.6408450704225352 0.043750000000000004 0.06103286384976526
1 0.8140625 0.7136150234741784 0.053125000000000006 0.06572769953051644
1 0.90625 0.511737089201878 0.037500000000000006 0.056338028169014086
1 0.515625 0.3826291079812207 0.043750000000000004 0.051643192488262914
