2 0.214 0.3983050847457627 0.22 0.38305084745762713
2 0.263 0.659322033898305 0.226 0.3220338983050847
2 0.40700000000000003 0.4711864406779661 0.202 0.3254237288135593
2 0.352 0.22033898305084745 0.20800000000000002 0.27796610169491526
2 0.551 0.6152542372881356 0.20600000000000002 0.3016949152542373
2 0.527 0.33728813559322035 0.17 0.29491525423728815
2 0.681 0.36610169491525424 0.138 0.2983050847457627
2 0.533 0.12203389830508474 0.098 0.13559322033898305
2 0.662 0.14915254237288136 0.168 0.26440677966101694
2 0.776 0.25254237288135595 0.12 0.3288135593220339
2 0.895 0.2389830508474576 0.08600000000000001 0.13220338983050847
