0 0.055 0.5650000000000001 0.11 0.17
0 0.029 0.7333333333333334 0.058 0.08666666666666667
0 0.11 0.7016666666666667 0.108 0.11
0 0.10200000000000001 0.9433333333333334 0.124 0.10666666666666667
0 0.228 0.9433333333333334 0.052000000000000005 0.10666666666666667
0 0.279 0.8533333333333334 0.078 0.14
0 0.218 0.68 0.164 0.30000000000000004
0 0.121 0.7983333333333333 0.098 0.15666666666666668
0 0.202 0.5116666666666667 0.052000000000000005 0.07666666666666667
0 0.245 0.5216666666666667 0.042 0.07
0 0.34 0.7616666666666667 0.07200000000000001 0.14333333333333334
0 0.356 0.8883333333333334 0.06 0.14333333333333334
0 0.353 0.6283333333333334 0.098 0.18333333333333335
0 0.455 0.685 0.14200000000000002 0.16333333333333333
0 0.446 0.8366666666666667 0.132 0.24666666666666667
0 0.41000000000000003 0.925 0.12 0.14333333333333334
0 0.461 0.5466666666666667 0.054 0.11333333333333334
0 0.516 0.5983333333333334 0.068 0.07666666666666667
0 0.581 0.62 0.066 0.12666666666666668
0 0.551 0.5033333333333334 0.042 0.06666666666666667
0 0.635 0.4866666666666667 0.11800000000000001 0.14
0 0.763 0.47500000000000003 0.15 0.14333333333333334
0 0.886 0.6483333333333334 0.22 0.33666666666666667
0 0.68 0.65 0.132 0.12000000000000001
0 0.5740000000000001 0.8066666666666668 0.116 0.21333333333333335
0 0.604 0.9233333333333333 0.16 0.14666666666666667
0 0.765 0.9233333333333333 0.178 0.14666666666666667
0 0.687 0.8383333333333334 0.066 0.12333333333333334
0 0.8 0.78 0.076 0.1
0 0.719 0.7433333333333334 0.074 0.08
0 0.763 0.8333333333333334 0.062 0.060000000000000005
