3 0.07500000000000001 0.9061032863849765 0.15000000000000002 0.1784037558685446
3 0.215625 0.6431924882629109 0.07500000000000001 0.15023474178403756
3 0.3203125 0.6901408450704225 0.09062500000000001 0.215962441314554
3 0.390625 0.5586854460093896 0.13125 0.1971830985915493
3 0.40156250000000004 0.8896713615023475 0.065625 0.2112676056338028
3 0.540625 0.7723004694835681 0.15000000000000002 0.20187793427230047
3 0.5203125000000001 0.5023474178403756 0.12187500000000001 0.1971830985915493
3 0.6453125000000001 0.29107981220657275 0.16562500000000002 0.24413145539906103
3 0.7515625 0.18544600938967137 0.16562500000000002 0.2863849765258216
3 0.8718750000000001 0.24178403755868544 0.14375000000000002 0.26760563380281693
3 0.7125 0.715962441314554 0.18125000000000002 0.3145539906103286
3 0.9484375 0.6572769953051644 0.096875 0.3286384976525822
