0 0.099 0.47597597597597596 0.08600000000000001 0.08708708708708708
0 0.20600000000000002 0.6546546546546547 0.084 0.08408408408408408
0 0.078 0.6486486486486487 0.1 0.08408408408408408
0 0.037 0.6831831831831832 0.074 0.09309309309309309
0 0.127 0.9084084084084084 0.11800000000000001 0.08708708708708708
0 0.08700000000000001 0.9669669669669669 0.17400000000000002 0.06006006006006006
0 0.022 0.9009009009009009 0.044 0.1921921921921922
0 0.28500000000000003 0.6906906906906907 0.114 0.09009009009009009
0 0.354 0.9294294294294294 0.196 0.13513513513513514
0 0.447 0.7327327327327328 0.146 0.13213213213213212
0 0.375 0.8183183183183184 0.126 0.08708708708708708
0 0.558 0.7582582582582582 0.084 0.08708708708708708
0 0.538 0.4894894894894895 0.18 0.13813813813813813
0 0.621 0.35735735735735735 0.098 0.10810810810810811
0 0.745 0.3123123123123123 0.094 0.10810810810810811
0 0.9450000000000001 0.4954954954954955 0.094 0.09009009009009009
0 0.9460000000000001 0.5555555555555556 0.10400000000000001 0.07207207207207207
0 0.888 0.6126126126126126 0.08 0.1021021021021021
0 0.629 0.6111111111111112 0.106 0.1111111111111111
0 0.683 0.5765765765765766 0.078 0.08408408408408408
0 0.585 0.9039039039039038 0.178 0.15015015015015015
0 0.724 0.7087087087087087 0.124 0.07807807807807808
0 0.895 0.7732732732732732 0.20600000000000002 0.2012012012012012
0 0.855 0.9324324324324325 0.28600000000000003 0.12912912912912913
0 0.6880000000000001 0.963963963963964 0.076 0.06606606606606606
0 0.663 0.7942942942942943 0.138 0.15915915915915915
0 0.785 0.8153153153153153 0.094 0.12312312312312312
0 0.155 0.7417417417417418 0.08600000000000001 0.08408408408408408
0 0.075 0.7477477477477478 0.078 0.08408408408408408
0 0.448 0.5330330330330331 0.084 0.07507507507507508
0 0.452 0.3588588588588589 0.088 0.07507507507507508
