0 0.15416666666666667 0.2375 0.16666666666666666 0.09166666666666666
0 0.54375 0.4583333333333333 0.15416666666666667 0.10833333333333334
0 0.8708333333333333 0.23958333333333334 0.15833333333333333 0.1125
0 0.81875 0.3020833333333333 0.12083333333333333 0.0875
0 0.5625 0.6208333333333333 0.15833333333333333 0.1
0 0.3875 0.75625 0.3333333333333333 0.2625
0 0.15416666666666667 0.55625 0.25 0.12916666666666665
0 0.37916666666666665 0.33541666666666664 0.16666666666666666 0.0875
0 0.7791666666666667 0.49583333333333335 0.20833333333333334 0.15833333333333333
0 0.7625 0.725 0.23333333333333334 0.2
0 0.9416666666666667 0.45 0.08333333333333333 0.058333333333333334
0 0.9270833333333334 0.56875 0.09583333333333333 0.15416666666666667
0 0.05416666666666667 0.21041666666666667 0.09166666666666666 0.07916666666666666
