1 0.122 0.46546546546546547 0.18 0.25825825825825827
1 0.275 0.4144144144144144 0.19 0.2702702702702703
1 0.487 0.21021021021021022 0.20600000000000002 0.3483483483483483
1 0.637 0.11411411411411411 0.19 0.22822822822822822
1 0.7030000000000001 0.3123123123123123 0.17 0.23423423423423423
1 0.81 0.3108108108108108 0.132 0.2072072072072072
1 0.534 0.6441441441441441 0.16 0.2072072072072072
1 0.601 0.7282282282282282 0.19 0.26126126126126126
1 0.901 0.6171171171171171 0.194 0.2912912912912913
1 0.623 0.515015015015015 0.162 0.21921921921921922
1 0.506 0.9384384384384384 0.196 0.11711711711711711
