0 0.8015625000000001 0.1293859649122807 0.12812500000000002 0.13596491228070173
0 0.8515625 0.28728070175438597 0.12187500000000001 0.10964912280701754
0 0.9546875 0.5833333333333333 0.084375 0.10526315789473684
0 0.453125 0.6447368421052632 0.11875000000000001 0.19298245614035087
0 0.0625 0.7456140350877193 0.125 0.17543859649122806
0 0.23593750000000002 0.8728070175438596 0.109375 0.22807017543859648
0 0.15781250000000002 0.8201754385964912 0.084375 0.12280701754385964
0 0.1625 0.631578947368421 0.13125 0.16666666666666666
0 0.44375000000000003 0.26535087719298245 0.1 0.13596491228070173
0 0.3828125 0.14473684210526316 0.059375000000000004 0.08771929824561403
0 0.2609375 0.3837719298245614 0.15937500000000002 0.13596491228070173
0 0.06406250000000001 0.6337719298245613 0.096875 0.12719298245614036
0 0.1203125 0.5109649122807017 0.184375 0.2149122807017544
0 0.290625 0.5986842105263157 0.15000000000000002 0.2587719298245614
