2 0.056 0.26461538461538464 0.112 0.18461538461538463
2 0.176 0.24769230769230768 0.156 0.19384615384615383
2 0.18 0.5938461538461538 0.36 0.4492307692307692
2 0.338 0.37846153846153846 0.188 0.27076923076923076
2 0.452 0.5892307692307692 0.17200000000000001 0.2923076923076923
2 0.618 0.37846153846153846 0.424 0.5230769230769231
2 0.899 0.556923076923077 0.198 0.3384615384615385
2 0.919 0.8569230769230769 0.158 0.28
2 0.371 0.22 0.11800000000000001 0.12615384615384614
2 0.209 0.06461538461538462 0.15 0.12923076923076923
