3 0.045 0.878930817610063 0.09 0.2358490566037736
3 0.449 0.6084905660377359 0.138 0.20440251572327045
3 0.233 0.5974842767295597 0.114 0.18238993710691825
3 0.537 0.9040880503144655 0.14200000000000002 0.18553459119496857
3 0.782 0.5534591194968553 0.108 0.169811320754717
3 0.926 0.32389937106918243 0.096 0.14465408805031446
3 0.216 0.3254716981132076 0.088 0.13522012578616352
3 0.10200000000000001 0.42138364779874216 0.07200000000000001 0.10062893081761007
3 0.02 0.43238993710691825 0.04 0.09748427672955975
3 0.491 0.12578616352201258 0.982 0.25157232704402516
