3 0.5953947368421052 0.3958333333333333 0.1513157894736842 0.13333333333333333
3 0.5526315789473684 0.29791666666666666 0.15789473684210525 0.10416666666666667
3 0.1513157894736842 0.13125 0.09210526315789473 0.0875
3 0.049342105263157895 0.08541666666666667 0.05921052631578947 0.0625
3 0.47697368421052627 0.09583333333333333 0.11184210526315788 0.06666666666666667
3 0.8026315789473684 0.04375 0.381578947368421 0.0875
3 0.8355263157894737 0.19166666666666665 0.14473684210526316 0.13333333333333333
3 0.9605263157894737 0.14583333333333334 0.06578947368421052 0.10833333333333334
3 0.2894736842105263 0.03333333333333333 0.5789473684210527 0.06666666666666667
3 0.6875 0.23333333333333334 0.09868421052631579 0.06666666666666667
