4 0.25625 0.09375 0.19583333333333333 0.1875
4 0.48541666666666666 0.12916666666666665 0.1875 0.20833333333333334
4 0.7125 0.09583333333333333 0.275 0.19166666666666665
4 0.9229166666666666 0.21875 0.14583333333333334 0.20416666666666666
4 0.8833333333333333 0.35833333333333334 0.225 0.14166666666666666
4 0.8041666666666667 0.46875 0.075 0.07916666666666666
4 0.63125 0.23541666666666666 0.12083333333333333 0.1625
4 0.7166666666666667 0.3020833333333333 0.1 0.12916666666666665
4 0.04583333333333333 0.17291666666666666 0.09166666666666666 0.15416666666666667
4 0.15625 0.28125 0.15416666666666667 0.1875
4 0.26875 0.30416666666666664 0.09583333333333333 0.15833333333333333
4 0.35625 0.2625 0.12916666666666665 0.16666666666666666
4 0.4583333333333333 0.4479166666666667 0.18333333333333332 0.22916666666666666
4 0.22291666666666665 0.4583333333333333 0.2875 0.2
4 0.029166666666666667 0.36875 0.058333333333333334 0.19583333333333333
4 0.55625 0.3020833333333333 0.12916666666666665 0.14583333333333334
4 0.6625 0.4375 0.15833333333333333 0.18333333333333332
