3 0.064 0.6716867469879518 0.048 0.060240963855421686
3 0.02 0.730421686746988 0.04 0.07530120481927711
3 0.499 0.5557228915662651 0.998 0.21987951807228917
3 0.275 0.6596385542168675 0.042 0.060240963855421686
3 0.373 0.6701807228915663 0.038 0.05120481927710844
3 0.497 0.6792168674698795 0.038 0.07530120481927711
3 0.25 0.7228915662650602 0.064 0.0783132530120482
3 0.232 0.8689759036144579 0.084 0.12349397590361447
3 0.523 0.7936746987951807 0.114 0.07530120481927711
3 0.525 0.9216867469879518 0.114 0.08433734939759037
3 0.9440000000000001 0.8810240963855422 0.092 0.08132530120481928
