0 0.633 0.26126126126126126 0.134 0.07807807807807808
0 0.76 0.23423423423423423 0.184 0.11411411411411411
0 0.586 0.35585585585585583 0.128 0.08108108108108109
0 0.367 0.7072072072072072 0.11800000000000001 0.11711711711711711
0 0.424 0.6321321321321322 0.112 0.06906906906906907
0 0.502 0.5465465465465466 0.116 0.07807807807807808
0 0.5 0.7087087087087087 0.132 0.06606606606606606
0 0.353 0.93993993993994 0.242 0.11411411411411411
0 0.353 0.8408408408408409 0.078 0.08408408408408408
0 0.591 0.9204204204204204 0.098 0.15315315315315314
0 0.625 0.42042042042042044 0.106 0.12012012012012012
0 0.6900000000000001 0.5180180180180181 0.152 0.08108108108108109
0 0.449 0.7972972972972973 0.094 0.10510510510510511
0 0.58 0.509009009009009 0.096 0.09309309309309309
0 0.595 0.5930930930930931 0.098 0.057057057057057055
