0 0.19687500000000002 0.1137440758293839 0.15625 0.12322274881516589
0 0.045312500000000006 0.3293838862559242 0.09062500000000001 0.1090047393364929
0 0.1046875 0.4407582938388626 0.16562500000000002 0.1137440758293839
0 0.2859375 0.3127962085308057 0.134375 0.1137440758293839
0 0.4625 0.2796208530805687 0.1125 0.12322274881516589
0 0.4375 0.41943127962085314 0.18125000000000002 0.0995260663507109
0 0.55625 0.45260663507109006 0.0625 0.09004739336492892
0 0.37031250000000004 0.7180094786729858 0.134375 0.1090047393364929
0 0.3359375 0.9573459715639812 0.12812500000000002 0.07582938388625593
0 0.5984375000000001 0.8270142180094787 0.146875 0.11848341232227488
0 0.465625 0.6161137440758294 0.10625000000000001 0.09478672985781991
0 0.5359375000000001 0.580568720379147 0.146875 0.13744075829383887
0 0.6875 0.537914691943128 0.1875 0.15639810426540285
0 0.7390625000000001 0.4146919431279621 0.153125 0.09004739336492892
0 0.8953125000000001 0.30568720379146924 0.16562500000000002 0.14691943127962087
0 0.921875 0.5165876777251185 0.15000000000000002 0.13270142180094788
0 0.8796875000000001 0.7037914691943129 0.203125 0.15639810426540285
