3 0.184 0.37537537537537535 0.164 0.1921921921921922
3 0.48 0.3288288288288288 0.20400000000000001 0.38738738738738737
3 0.32 0.521021021021021 0.1 0.36936936936936937
3 0.432 0.536036036036036 0.20800000000000002 0.2132132132132132
3 0.406 0.7297297297297297 0.112 0.2042042042042042
3 0.5 0.8078078078078078 0.156 0.2702702702702703
3 0.75 0.5555555555555556 0.192 0.3003003003003003
3 0.615 0.5495495495495496 0.114 0.3363363363363363
3 0.706 0.7522522522522522 0.092 0.16516516516516516
3 0.9520000000000001 0.3003003003003003 0.088 0.1021021021021021
3 0.755 0.8903903903903904 0.078 0.1111111111111111
