3 0.14300000000000002 0.7522522522522522 0.13 0.2072072072072072
3 0.312 0.7162162162162162 0.14400000000000002 0.2132132132132132
3 0.41600000000000004 0.6786786786786787 0.068 0.15015015015015015
3 0.9 0.7267267267267267 0.136 0.16816816816816815
3 0.902 0.5525525525525525 0.1 0.14414414414414414
3 0.212 0.32732732732732733 0.424 0.3783783783783784
3 0.232 0.5870870870870871 0.136 0.15915915915915915
3 0.47700000000000004 0.512012012012012 0.05 0.08708708708708708
3 0.43 0.22672672672672672 0.228 0.1831831831831832
3 0.766 0.2882882882882883 0.464 0.3123123123123123
3 0.793 0.46996996996997 0.098 0.22522522522522523
3 0.973 0.48648648648648646 0.05 0.12012012012012012
