3 0.49843750000000003 0.3192488262910798 0.9968750000000001 0.6291079812206573
3 0.034375 0.9295774647887324 0.06875 0.12206572769953052
3 0.2234375 0.8004694835680751 0.19687500000000002 0.38967136150234744
3 0.43281250000000004 0.7746478873239436 0.15937500000000002 0.20657276995305165
3 0.35468750000000004 0.8873239436619719 0.109375 0.16901408450704225
3 0.5750000000000001 0.7323943661971831 0.09375 0.1784037558685446
3 0.6953125 0.8051643192488263 0.12812500000000002 0.22065727699530516
3 0.7718750000000001 0.7230046948356808 0.1875 0.24413145539906103
3 0.9171875 0.7136150234741784 0.15937500000000002 0.20657276995305165
3 0.90625 0.8826291079812206 0.18125000000000002 0.22535211267605634
3 0.0734375 0.636150234741784 0.084375 0.107981220657277
