3 0.41100000000000003 0.3373493975903615 0.11800000000000001 0.1566265060240964
3 0.40800000000000003 0.746987951807229 0.088 0.1927710843373494
3 0.629 0.7048192771084337 0.10200000000000001 0.16867469879518074
3 0.502 0.43975903614457834 0.036000000000000004 0.05421686746987952
3 0.608 0.4292168674698795 0.052000000000000005 0.06927710843373494
3 0.594 0.11596385542168676 0.052000000000000005 0.08132530120481928
3 0.17300000000000001 0.2680722891566265 0.082 0.12650602409638556
3 0.325 0.30271084337349397 0.058 0.10542168674698796
3 0.8130000000000001 0.4487951807228916 0.07 0.11445783132530121
3 0.766 0.6174698795180723 0.032 0.060240963855421686
3 0.498 0.7771084337349398 0.06 0.10843373493975904
3 0.717 0.5421686746987953 0.05 0.09036144578313253
3 0.711 0.17319277108433737 0.042 0.06325301204819278
3 0.627 0.0783132530120482 0.046 0.06626506024096386
3 0.8310000000000001 0.03162650602409639 0.046 0.06325301204819278
3 0.281 0.4427710843373494 0.054 0.0783132530120482
3 0.202 0.4849397590361446 0.052000000000000005 0.09036144578313253
3 0.34600000000000003 0.7545180722891567 0.036000000000000004 0.06927710843373494
3 0.329 0.8328313253012049 0.05 0.10542168674698796
3 0.26 0.3629518072289157 0.04 0.06325301204819278
3 0.159 0.39457831325301207 0.034 0.04819277108433735
3 0.28500000000000003 0.5557228915662651 0.066 0.05120481927710844
