3 0.3140096618357488 0.07708333333333334 0.27053140096618356 0.15416666666666667
3 0.1473429951690821 0.8541666666666666 0.2946859903381642 0.2833333333333333
3 0.33816425120772947 0.8395833333333333 0.17391304347826086 0.22083333333333333
3 0.538647342995169 0.8791666666666667 0.178743961352657 0.20833333333333334
3 0.6328502415458936 0.7291666666666666 0.1932367149758454 0.16666666666666666
3 0.45893719806763283 0.24791666666666667 0.1932367149758454 0.2625
3 0.9178743961352657 0.7208333333333333 0.13526570048309178 0.16666666666666666
3 0.7657004830917874 0.6104166666666666 0.19806763285024154 0.17083333333333334
3 0.5603864734299516 0.4770833333333333 0.33816425120772947 0.1625
3 0.8115942028985507 0.46041666666666664 0.0966183574879227 0.12083333333333333
