3 0.5109375 0.4791666666666667 0.16562500000000002 0.2916666666666667
3 0.7296875 0.1625 0.096875 0.16666666666666666
3 0.7375 0.8833333333333333 0.1375 0.225
3 0.0921875 0.44166666666666665 0.184375 0.275
3 0.13593750000000002 0.84375 0.253125 0.30416666666666664
3 0.10312500000000001 0.16041666666666665 0.16875 0.29583333333333334
3 0.43593750000000003 0.10833333333333334 0.478125 0.21666666666666667
3 0.3125 0.45 0.19375 0.4666666666666667
3 0.49531250000000004 0.8020833333333334 0.240625 0.3875
3 0.8109375000000001 0.4458333333333333 0.34687500000000004 0.325
3 0.8515625 0.24583333333333332 0.084375 0.11666666666666667
3 0.56875 0.27291666666666664 0.06875 0.1125
