1 0.151 0.7536407766990291 0.09 0.0703883495145631
1 0.406 0.7499999999999999 0.096 0.08737864077669902
1 0.513 0.7172330097087378 0.094 0.08009708737864077
1 0.602 0.703883495145631 0.076 0.06796116504854369
1 0.6940000000000001 0.7135922330097086 0.07200000000000001 0.058252427184466014
1 0.764 0.7512135922330097 0.08 0.0703883495145631
1 0.8280000000000001 0.7597087378640776 0.10400000000000001 0.08737864077669902
1 0.598 0.8446601941747572 0.088 0.04854368932038834
1 0.609 0.9016990291262135 0.106 0.08009708737864077
1 0.913 0.9004854368932038 0.10200000000000001 0.06310679611650485
