0 0.1015625 0.1 0.203125 0.2
0 0.36875 0.17708333333333334 0.30625 0.20416666666666666
0 0.2390625 0.36875 0.12187500000000001 0.09583333333333333
0 0.19062500000000002 0.4791666666666667 0.1 0.08333333333333333
0 0.028125 0.5520833333333334 0.05625 0.1375
0 0.384375 0.65625 0.55625 0.42083333333333334
0 0.09375 0.93125 0.1875 0.12916666666666665
0 0.25 0.9208333333333333 0.17500000000000002 0.15
0 0.878125 0.88125 0.23750000000000002 0.22916666666666666
0 0.6890625 0.3458333333333333 0.30312500000000003 0.2583333333333333
0 0.775 0.23958333333333334 0.15000000000000002 0.12083333333333333
0 0.8968750000000001 0.2 0.2 0.15833333333333333
0 0.40937500000000004 0.3541666666666667 0.1125 0.06666666666666667
0 0.5359375000000001 0.12916666666666665 0.115625 0.09166666666666666
0 0.6671875 0.17916666666666667 0.134375 0.09166666666666666
0 0.6156250000000001 0.0375 0.24375000000000002 0.075
