0 0.14166666666666666 0.26875 0.17222222222222222 0.1375
0 0.45 0.35 0.13333333333333333 0.09166666666666666
0 0.13055555555555556 0.6375 0.19444444444444445 0.125
0 0.28055555555555556 0.79375 0.18333333333333335 0.14583333333333334
0 0.07222222222222223 0.8208333333333333 0.14444444444444446 0.15833333333333333
0 0.6194444444444445 0.7104166666666667 0.17222222222222222 0.1125
0 0.513888888888889 0.8229166666666666 0.1277777777777778 0.1125
0 0.7611111111111112 0.9125 0.13333333333333333 0.09166666666666666
0 0.7527777777777778 0.7895833333333333 0.18333333333333335 0.1375
0 0.8055555555555556 0.6979166666666666 0.12222222222222223 0.10416666666666667
0 0.44722222222222224 0.6375 0.1388888888888889 0.09166666666666666
0 0.525 0.525 0.17222222222222222 0.1
0 0.26666666666666666 0.5208333333333334 0.18888888888888888 0.1
0 0.5388888888888889 0.45208333333333334 0.17777777777777778 0.07916666666666666
0 0.39722222222222225 0.42916666666666664 0.1277777777777778 0.075
0 0.8083333333333333 0.48125 0.1388888888888889 0.1375
0 0.6611111111111111 0.3770833333333333 0.15555555555555556 0.0625
0 0.6694444444444445 0.29583333333333334 0.16111111111111112 0.09166666666666666
0 0.3277777777777778 0.21458333333333332 0.14444444444444446 0.10416666666666667
0 0.1638888888888889 0.3875 0.15 0.08333333333333333
0 0.5805555555555556 0.14583333333333334 0.15 0.1
0 0.3805555555555556 0.0875 0.15 0.10833333333333334
0 0.4638888888888889 0.19166666666666665 0.1388888888888889 0.09166666666666666
0 0.7194444444444444 0.24166666666666667 0.17222222222222222 0.10833333333333334
0 0.36388888888888893 0.9562499999999999 0.17222222222222222 0.07916666666666666
