4 0.15781250000000002 0.36875 0.31562500000000004 0.4041666666666667
4 0.2515625 0.6583333333333333 0.10312500000000001 0.16666666666666666
4 0.3921875 0.6541666666666667 0.12812500000000002 0.14166666666666666
4 0.43593750000000003 0.525 0.153125 0.14166666666666666
4 0.43125 0.3520833333333333 0.24375000000000002 0.17916666666666667
4 0.55 0.48125 0.0625 0.0875
4 0.58125 0.6395833333333333 0.1125 0.15416666666666667
4 0.70625 0.65 0.09375 0.15833333333333333
4 0.8453125 0.6375 0.12187500000000001 0.15
4 0.5625 0.23541666666666666 0.0625 0.0875
4 0.6765625000000001 0.3541666666666667 0.259375 0.21666666666666667
4 0.703125 0.49583333333333335 0.06875 0.09166666666666666
4 0.7625000000000001 0.525 0.06875 0.09166666666666666
4 0.8296875 0.4875 0.084375 0.15
4 0.9031250000000001 0.3854166666666667 0.1875 0.2708333333333333
4 0.7125 0.20208333333333334 0.043750000000000004 0.0625
4 0.7796875000000001 0.16875 0.040625 0.0625
4 0.8234375 0.14791666666666667 0.046875 0.0625
4 0.8171875000000001 0.20833333333333334 0.034375 0.06666666666666667
4 0.9046875000000001 0.19166666666666665 0.053125000000000006 0.058333333333333334
4 0.953125 0.25625 0.08750000000000001 0.07083333333333333
4 0.9625 0.18958333333333333 0.05 0.04583333333333333
