4 0.5 0.8641791044776119 0.068 0.11044776119402985
4 0.425 0.8208955223880597 0.058 0.08358208955223881
4 0.354 0.9 0.056 0.08656716417910448
4 0.291 0.882089552238806 0.054 0.08059701492537313
4 0.225 0.808955223880597 0.058 0.07164179104477612
4 0.159 0.7805970149253731 0.08600000000000001 0.06865671641791045
4 0.048 0.9134328358208955 0.048 0.08358208955223881
4 0.296 0.6671641791044777 0.088 0.06865671641791045
4 0.448 0.7671641791044777 0.044 0.05970149253731343
4 0.506 0.7522388059701492 0.044 0.07761194029850746
4 0.548 0.8074626865671641 0.048 0.0746268656716418
4 0.638 0.8223880597014925 0.052000000000000005 0.08656716417910448
4 0.847 0.7895522388059701 0.046 0.056716417910447764
4 0.714 0.8686567164179104 0.056 0.08955223880597014
4 0.156 0.7029850746268657 0.044 0.056716417910447764
4 0.028 0.6626865671641791 0.056 0.041791044776119404
4 0.215 0.6761194029850747 0.03 0.04477611940298507
4 0.212 0.9582089552238806 0.04 0.07761194029850746
4 0.48 0.7238805970149254 0.04 0.06865671641791045
4 0.375 0.6895522388059702 0.038 0.03582089552238806
